[1,["c7cLpYnM9ClbA9yMkWkbdo@1f586","2fnHt19KhJVrlA/RY3FHd5@6c48a","a3zQCfCrBCDZJ4uf2rk5u8","d1Pf7S8axMFqEc+i+bWVkc","c7cLpYnM9ClbA9yMkWkbdo@5b2dc","c7cLpYnM9ClbA9yMkWkbdo@438fe"],["_parent","node","mainTexture","_effectAsset","root","data","_mesh","_skeleton","_defaultClip"],[["cc.Node",["_name","_prefab","_parent","_lpos","_euler","_lrot","_children","_components","_lscale"],2,4,1,5,5,5,2,9,5],["cc.Node",["_name","_children","_prefab","_lpos","_lrot","_euler","_parent"],2,12,4,5,5,5,1],["cc.Node",["_name","_parent","_children","_prefab","_lpos","_lrot","_euler"],2,1,9,4,5,5,5],["cc.Skeleton",["_name","_hash","_joints","_bindposes"],0,12],["cc.Mesh",["_native","_hash","_struct"],1,11],["cc.Material",["_states","_defines","_props"],1,12],["cc.Prefab",["_name"],2],["cc.SkeletalAnimation",["playOnLoad","node","__prefab","_clips","_defaultClip"],2,1,4,3,6],["cc.CompPrefabInfo",["fileId"],2],["cc.RigidBody",["_group","_type","node","__prefab"],1,1,4],["cc.CapsuleCollider",["_radius","_cylinderHeight","node","__prefab","_center"],1,1,4,5],["a3c3eSoUrFKl5IFTQQGWnRd",["colliderName","node","__prefab"],2,1,4],["cc.PrefabInfo",["fileId","root","asset"],2,1,1],["cc.SkinnedMeshRenderer",["_shadowCastingMode","node","__prefab","_materials","lightmapSettings","_skinningRoot","_mesh","_skeleton"],2,1,4,3,4,1,6,6],["cc.ModelLightmapSettings",[],3]],[[12,0,1,2,2],[0,0,2,6,1,3,5,4,2],[2,0,1,2,3,4,5,6,2],[0,0,2,1,3,2],[8,0,2],[0,0,6,1,3,5,4,2],[0,0,2,1,3,4,2],[0,0,2,1,3,5,8,4,2],[2,0,1,2,3,4,2],[3,0,1,2,3,4],[4,0,1,2,3],[5,0,1,2,3],[6,0,2],[0,0,6,7,1,3,8,2],[0,0,2,6,1,2],[0,0,2,1,3,5,4,2],[0,0,2,7,1,5,4,2],[0,0,2,6,1,5,4,2],[1,0,1,2,3,4,5,2],[1,0,6,1,2,3,4,5,2],[7,0,1,2,3,4,2],[9,0,1,2,3,3],[10,0,1,2,3,4,3],[11,0,1,2,2],[13,0,1,2,3,4,5,6,7,2],[14,1]],[[[[9,"Skin-0",2666226846,["RootNode/Bip001/Bip001 Pelvis/Bip001 Spine","RootNode/Bip001/Bip001 Pelvis/Bip001 Spine/Bip001 Spine1","RootNode/Bip001/Bip001 Pelvis/Bip001 Spine/Bip001 Spine1/Bip001 Neck/Bip001 Head","RootNode/Bip001/Bip001 Pelvis/Bip001 Spine/Bip001 Spine1/Bip001 Neck/Bip001 L Clavicle","RootNode/Bip001/Bip001 Pelvis/Bip001 Spine/Bip001 Spine1/Bip001 Neck/Bip001 L Clavicle/Bip001 L UpperArm","RootNode/Bip001/Bip001 Pelvis/Bip001 Spine/Bip001 Spine1/Bip001 Neck/Bip001 Head/Bone010","RootNode/Bip001/Bip001 Pelvis/Bip001 Spine/Bip001 Spine1/Bip001 Neck/Bip001 Head/Bone010/Bone011","RootNode/Bip001/Bip001 Pelvis/Bip001 Spine/Bip001 Spine1/Bip001 Neck/Bip001 Head/Bone010/Bone011/Bone012","RootNode/Bip001/Bip001 Pelvis","RootNode/Bip001/Bip001 Pelvis/Bip001 Spine/Bip001 L Thigh","RootNode/Bip001/Bip001 Pelvis/Bip001 Spine/Bip001 L Thigh/Bip001 L Calf","RootNode/Bip001/Bip001 Pelvis/Bip001 Spine/Bip001 L Thigh/Bip001 L Calf/Bip001 L Foot","RootNode/Bip001/Bip001 Pelvis/Bip001 Spine/Bip001 R Thigh/Bip001 R Calf/Bip001 R Foot","RootNode/Bip001/Bip001 Pelvis/Bip001 Spine/Bip001 L Thigh/Bone004","RootNode/Bip001/Bip001 Pelvis/Bip001 Spine/Bip001 L Thigh/Bone004/Bone005","RootNode/Bip001/Bip001 Pelvis/Bip001 Spine/Bip001 Spine1/Bip001 Neck/Bip001 Head/Bone013/Bone014/Bone015/Bone016/Bone017","RootNode/Bip001/Bip001 Pelvis/Bip001 Spine/Bip001 Spine1/Bip001 Neck/Bip001 Head/Bone013/Bone014/Bone015/Bone016/Bone017/Bone018","RootNode/Bip001/Bip001 Pelvis/Bip001 Spine/Bip001 R Thigh/Bone001","RootNode/Bip001/Bip001 Pelvis/Bip001 Spine/Bip001 R Thigh/Bip001 R Calf","RootNode/Bip001/Bip001 Pelvis/Bip001 Spine/Bip001 R Thigh/Bone001/Bone002","RootNode/Bip001/Bip001 Pelvis/Bip001 Spine/Bip001 L Thigh/Bone004/Bone005/Bone006","RootNode/Bip001/Bip001 Pelvis/Bip001 Spine/Bip001 R Thigh/Bone001/Bone002/Bone003","RootNode/Bip001/Bip001 Pelvis/Bip001 Spine/Bip001 Spine1/Bip001 Neck/Bip001 Head/Bone013/Bone014/Bone015/Bone016","RootNode/Bip001/Bip001 Pelvis/Bip001 Spine/Bip001 R Thigh","RootNode/Bip001/Bip001 Pelvis/Bip001 Spine/Bip001 Spine1/Bip001 Neck/Bip001 L Clavicle/Bip001 L UpperArm/Bip001 L Forearm","RootNode/Bip001/Bip001 Pelvis/Bip001 Spine/Bip001 Spine1/Bip001 Neck/Bip001 L Clavicle/Bip001 L UpperArm/Bip001 L Forearm/Bip001 L Hand","RootNode/Bip001/Bip001 Pelvis/Bip001 Spine/Bip001 Spine1/Bip001 Neck/Bip001 L Clavicle/Bip001 L UpperArm/Bip001 L Forearm/Bip001 L Hand/Bip001 L Finger1","RootNode/Bip001/Bip001 Pelvis/Bip001 Spine/Bip001 Spine1/Bip001 Neck/Bip001 L Clavicle/Bip001 L UpperArm/Bip001 L Forearm/Bip001 L Hand/Bip001 L Finger1/Bip001 L Finger11","RootNode/Bip001/Bip001 Pelvis/Bip001 Spine/Bip001 Spine1/Bip001 Neck/Bip001 L Clavicle/Bip001 L UpperArm/Bip001 L Forearm/Bip001 L Hand/Bip001 L Finger0","RootNode/Bip001/Bip001 Pelvis/Bip001 Spine/Bip001 Spine1/Bip001 Neck/Bip001 L Clavicle/Bip001 L UpperArm/Bip001 L Forearm/Bip001 L Hand/Bip001 L Finger0/Bip001 L Finger01","RootNode/Bip001/Bip001 Pelvis/Bip001 Spine/Bip001 Spine1/Bip001 Neck/Bip001 Head/Bone013","RootNode/Bip001/Bip001 Pelvis/Bip001 Spine/Bip001 Spine1/Bip001 Neck/Bip001 Head/Bone013/Bone014","RootNode/Bip001/Bip001 Pelvis/Bip001 Spine/Bip001 Spine1/Bip001 Neck/Bip001 Head/Bone013/Bone014/Bone015","RootNode/Bip001/Bip001 Pelvis/Bip001 Spine/Bip001 Spine1/Bip001 Neck/Bip001 R Clavicle","RootNode/Bip001/Bip001 Pelvis/Bip001 Spine/Bip001 Spine1/Bip001 Neck/Bip001 R Clavicle/Bip001 R UpperArm","RootNode/Bip001/Bip001 Pelvis/Bip001 Spine/Bip001 Spine1/Bip001 Neck/Bip001 Head/Bone007","RootNode/Bip001/Bip001 Pelvis/Bip001 Spine/Bip001 Spine1/Bip001 Neck/Bip001 Head/Bone007/Bone008","RootNode/Bip001/Bip001 Pelvis/Bip001 Spine/Bip001 Spine1/Bip001 Neck/Bip001 Head/Bone007/Bone008/Bone009","RootNode/Bip001/Bip001 Pelvis/Bip001 Spine/Bip001 Spine1/Bip001 Neck/Bip001 R Clavicle/Bip001 R UpperArm/Bip001 R Forearm","RootNode/Bip001/Bip001 Pelvis/Bip001 Spine/Bip001 Spine1/Bip001 Neck/Bip001 R Clavicle/Bip001 R UpperArm/Bip001 R Forearm/Bip001 R Hand","RootNode/Bip001/Bip001 Pelvis/Bip001 Spine/Bip001 Spine1/Bip001 Neck/Bip001 R Clavicle/Bip001 R UpperArm/Bip001 R Forearm/Bip001 R Hand/Bip001 R Finger1","RootNode/Bip001/Bip001 Pelvis/Bip001 Spine/Bip001 Spine1/Bip001 Neck/Bip001 R Clavicle/Bip001 R UpperArm/Bip001 R Forearm/Bip001 R Hand/Bip001 R Finger1/Bip001 R Finger11","RootNode/Bip001/Bip001 Pelvis/Bip001 Spine/Bip001 Spine1/Bip001 Neck/Bip001 R Clavicle/Bip001 R UpperArm/Bip001 R Forearm/Bip001 R Hand/Bip001 R Finger0","RootNode/Bip001/Bip001 Pelvis/Bip001 Spine/Bip001 Spine1/Bip001 Neck/Bip001 R Clavicle/Bip001 R UpperArm/Bip001 R Forearm/Bip001 R Hand/Bip001 R Finger0/Bip001 R Finger01"],[[[7,1.5644579320905905e-7,-0.0000014116492366156308,1,0,-0.11411851644515991,-0.9934671521186829,-0.0000013845739204043639,0,0.9934671521186829,-0.11411852389574051,-3.165191060361394e-7,0,-0.1971004754304886,0.023104922845959663,-0.000011358739357092418,1],[7,1.5644579320905905e-7,-0.0000014116492366156308,1,0,-0.11411851644515991,-0.9934671521186829,-0.0000013845739204043639,0,0.9934671521186829,-0.11411852389574051,-3.165191060361394e-7,0,-0.24432329833507538,0.02317672036588192,-0.00001135854017775273,1],[7,0.0000013430886838250444,-0.000001402693328600435,1,0,6.123234262925839e-17,-1,-0.000001402693328600435,0,1,1.8840029362976463e-12,-0.0000013430887975118821,0,-0.3142341077327728,-0.04939001798629761,-0.000011104304576292634,1],[7,0.9748421907424927,-0.0000013676817616214976,0.22289644181728363,0,0.025261593982577324,0.9935576915740967,-0.11047599464654922,0,-0.22146034240722656,0.11332738399505615,0.9685618877410889,0,0.04184069484472275,-0.02937627211213112,-0.32165274024009705,1],[7,0.4442744851112366,-0.012509819120168686,0.8958033323287964,0,0.1093546450138092,0.993182897567749,-0.0403648242354393,0,-0.8891915678977966,0.11589332669973373,0.4426138699054718,0,0.24806949496269226,-0.02927461825311184,-0.20476670563220978,1],[7,-1.8826796122084488e-8,-2.978969178002444e-7,-1,0,-0.013421846553683281,-0.9999099373817444,2.981227567033784e-7,0,-0.9999099373817444,0.013421846553683281,1.4826774474840931e-8,0,0.35091620683670044,-0.059369876980781555,0.05787818133831024,1],[7,-2.4373163043378554e-8,-2.964762018109468e-7,-1,0,-0.06651926040649414,-0.9977851510047913,2.974408346290147e-7,0,-0.9977851510047913,0.06651926040649414,4.597804803552208e-9,0,0.30750128626823425,-0.07581174373626709,0.05787818878889084,1],[7,-2.4373163043378554e-8,-2.9647623023265623e-7,-1,0,-0.06651926040649414,-0.9977852702140808,2.9744086305072415e-7,0,-0.9977851510047913,0.06651926040649414,4.597805247641418e-9,0,0.24322213232517242,-0.07581174373626709,0.05787818878889084,1],[7,-0.0000014457522183874971,0.0000027028227123082615,1,0,-0.04041839390993118,-0.999182939529419,0.0000026421789698360953,0,0.9991828799247742,-0.04041840136051178,0.0000015538147408733494,0,-0.16585183143615723,0.007133109495043755,-0.000011681302567012608,1],[7,0.031133493408560753,0.0000013288951095091761,-0.9995152950286865,0,0.06597685813903809,-0.9978190660476685,0.00205375999212265,0,-0.9973352551460266,-0.06600882112979889,-0.03106568194925785,0,0.16430947184562683,0.011380651034414768,0.04447799175977707,1],[7,0.03105308674275875,-0.002236107597127557,-0.9995152950286865,0,-0.005902780219912529,-0.9999804496765137,0.002053760224953294,0,-0.9995003342628479,0.00583614269271493,-0.0310656800866127,0,0.10893018543720245,0.0035615074448287487,0.04447799175977707,1],[7,4.371138828673793e-8,0.000001370906943520822,-1,0,-6.123234262925839e-17,-1,-0.000001370906943520822,0,-1,5.998547741425247e-14,-4.371139183945161e-8,0,0.022200467064976692,0.0035931034944951534,0.0438169464468956,1],[7,4.371138828673793e-8,0.000001370906943520822,-1,0,-6.123234262925839e-17,-1,-0.000001370906943520822,0,-1,5.998547741425247e-14,-4.371139183945161e-8,0,0.02220047265291214,0.003593107918277383,-0.04379412159323692,1],[7,0.20545881986618042,-0.9294202923774719,0.30653542280197144,0,0.5174698233604431,0.3690219819545746,0.7720411419868469,0,-0.8306694626808167,1.4156094607642444e-7,0.5567658543586731,0,0.038436178117990494,0.016445714980363846,-0.1601754128932953,1],[7,0.10814712196588516,-0.9922276735305786,0.061544667929410934,0,0.8623660802841187,0.12443288415670395,0.4907553493976593,0,-0.4945994019508362,2.6077017878378683e-7,0.8691208362579346,0,-0.10142695158720016,0.05514627322554588,-0.11993490159511566,1],[7,4.03900806134061e-8,-6.071779523608711e-8,-1,0,0.45467203855514526,-0.8906589150428772,7.2443086196472e-8,0,-0.8906589150428772,-0.45467206835746765,-8.367106119067103e-9,0,0.09562770277261734,0.18676607310771942,3.95023498356295e-8,1],[7,4.039008416611978e-8,-6.071779523608711e-8,-1,0,0.45467206835746765,-0.8906590342521667,7.2443086196472e-8,0,-0.8906589150428772,-0.4546721279621124,-8.367106119067103e-9,0,0.034949079155921936,0.18676607310771942,3.86624492421106e-8,1],[7,-0.20545856654644012,-0.0000011062111298087984,-0.9786656498908997,0,0.5174698233604431,-0.8487773537635803,-0.10863536596298218,0,-0.8306691646575928,-0.5287502408027649,0.17438918352127075,0,0.038436148315668106,0.1469644159078598,-0.06578806787729263,1],[7,-0.031053248792886734,0.002238817512989044,-0.9995152950286865,0,-0.005902864970266819,-0.9999803900718689,-0.0020564678125083447,0,-0.9995003342628479,0.00583614269271493,0.031065858900547028,0,0.10893087834119797,0.0035614597145467997,-0.044455189257860184,1],[7,-0.10814644396305084,-1.4726914798757207e-7,-0.9941346645355225,0,0.8623660802841187,-0.4975176453590393,-0.09381195902824402,0,-0.49459969997406006,-0.8674537539482117,0.05380488932132721,0,-0.10142692923545837,0.1162908747792244,-0.06246543303132057,1],[7,0.10814712196588516,-0.9922276735305786,0.06154467537999153,0,0.8623660802841187,0.12443288415670395,0.4907553493976593,0,-0.4945994019508362,2.5983885620917135e-7,0.8691207766532898,0,-0.21063584089279175,0.055146295577287674,-0.11993490159511566,1],[7,-0.1081465408205986,-2.5213552135028294e-7,-0.9941346645355225,0,0.862366259098053,-0.49751758575439453,-0.09381197392940521,0,-0.49459967017173767,-0.8674538135528564,0.05380500853061676,0,-0.21063584089279175,0.11629082262516022,-0.06246544048190117,1],[7,2.9793602251970697e-8,-6.656087947476408e-8,-1,0,0.3011312782764435,-0.9535830616950989,7.244305777476256e-8,0,-0.9535828828811646,-0.30113130807876587,-8.367106119067103e-9,0,0.17037664353847504,0.16838166117668152,3.9835995835346694e-8,1],[7,-0.031133849173784256,0.000001402347834300599,-0.9995152950286865,0,0.06597676873207092,-0.9978190660476685,-0.002056507160887122,0,-0.9973352551460266,-0.06600881367921829,0.03106585703790188,0,0.16431018710136414,0.011380654759705067,-0.044455185532569885,1],[7,0.42948997020721436,0.11434491723775864,0.8958033323287964,0,-0.1775914579629898,0.9832761287689209,-0.04036474972963333,0,-0.8854374289512634,-0.1417507529258728,0.4426139295101166,0,0.15925976634025574,0.016703709959983826,-0.20476670563220978,1],[7,0.45927509665489197,-0.877966582775116,0.1350591480731964,0,-0.2214650809764862,0.03406918793916702,0.9745729565620422,0,-0.8602439761161804,-0.47750794887542725,-0.1787918210029602,0,0.07899072766304016,0.20810914039611816,0.01997762732207775,1],[7,-0.07183549553155899,-0.9883254170417786,0.13436000049114227,0,-0.17075616121292114,0.14490529894828796,0.9745998382568359,0,-0.9826911687850952,0.04706805944442749,-0.17917197942733765,0,0.14527586102485657,0.15479834377765656,0.020143331959843636,1],[7,-0.5928513407707214,-0.7940244078636169,0.13436010479927063,0,-0.06582292914390564,0.21406210958957672,0.9745997190475464,0,-0.8026173710823059,0.5689488053321838,-0.17917199432849884,0,0.19107866287231445,0.06157557666301727,0.02014331705868244,1],[7,0.037039998918771744,0.4019373953342438,0.9149176478385925,0,-0.35797134041786194,0.8601254820823669,-0.3633740246295929,0,-0.9329976439476013,-0.3140549063682556,0.17574109137058258,0,0.12470422685146332,0.021304447203874588,-0.16144482791423798,1],[7,0.19139109551906586,0.35538026690483093,0.9149176478385925,0,0.007208539173007011,0.93161541223526,-0.36337414383888245,0,-0.9814873933792114,0.07614180445671082,0.17574113607406616,0,0.10882532596588135,-0.0231314729899168,-0.16144482791423798,1],[7,5.74673393316516e-8,-4.3464741139587204e-8,-1,0,0.7611724138259888,-0.6485496163368225,7.193159490270773e-8,0,-0.6485496163368225,-0.7611724138259888,-4.186260671446007e-9,0,0.25817638635635376,0.2984068691730499,4.1790002569541684e-8,1],[7,4.163129219136863e-8,-5.880911757571994e-8,-1,0,0.5293885469436646,-0.8483794331550598,7.193158069185301e-8,0,-0.8483794331550598,-0.5293885469436646,-4.186260671446007e-9,0,0.24357423186302185,0.2357843518257141,3.9435438026202974e-8,1],[7,1.7102314231465243e-8,-7.089082032507577e-8,-1,0,0.12143518775701523,-0.9925993084907532,7.244301514219842e-8,0,-0.9925992488861084,-0.12143521010875702,-8.367106119067103e-9,0,0.26990780234336853,0.13433824479579926,3.983599938806037e-8,1],[7,-0.9748421907424927,-0.0000013547243042921764,0.22289612889289856,0,0.025258919224143028,0.9935576915740967,0.11047660559415817,0,-0.22146029770374298,0.11332738399505615,-0.9685618877410889,0,0.04186296463012695,-0.02937627211213112,0.32164767384529114,1],[7,-0.44427481293678284,0.012507082894444466,0.8958032727241516,0,0.10935342311859131,0.9931829571723938,0.04036729410290718,0,-0.8891915678977966,0.11589333415031433,-0.4426138699054718,0,0.24807964265346527,-0.02927490696310997,0.20474624633789062,1],[7,-1.8826796122084488e-8,-2.978969178002444e-7,-1,0,-0.013421846553683281,-0.9999099373817444,2.981227567033784e-7,0,-0.9999099373817444,0.013421846553683281,1.4826774474840931e-8,0,0.35091620683670044,-0.05936991423368454,-0.05818998068571091,1],[7,-2.4373163043378554e-8,-2.964762018109468e-7,-1,0,-0.06651926040649414,-0.9977851510047913,2.974408346290147e-7,0,-0.9977851510047913,0.06651926040649414,4.597804803552208e-9,0,0.30750128626823425,-0.07581177353858948,-0.05818998068571091,1],[7,-2.4373163043378554e-8,-2.9647623023265623e-7,-1,0,-0.06651926040649414,-0.9977852702140808,2.9744086305072415e-7,0,-0.9977851510047913,0.06651926040649414,4.597805247641418e-9,0,0.24322213232517242,-0.07581178098917007,-0.05818997696042061,1],[7,-0.42948946356773376,-0.11434762924909592,0.8958032727241516,0,-0.17759263515472412,0.9832758903503418,0.04036721587181091,0,-0.8854374289512634,-0.141750767827034,-0.44261395931243896,0,0.1592695713043213,0.016706323251128197,0.20474626123905182,1],[7,-0.4592744708061218,0.877966582775116,0.1350618451833725,0,-0.22146636247634888,0.03407161310315132,-0.9745726585388184,0,-0.8602439761161804,-0.47750794887542725,0.1787918210029602,0,0.07900122553110123,0.20808909833431244,-0.019980711862444878,1],[7,0.0718359425663948,0.9883249998092651,0.13436256349086761,0,-0.17075595259666443,0.1449079066514969,-0.9745995402336121,0,-0.9826911687850952,0.04706805944442749,0.17917199432849884,0,0.14527422189712524,0.15477578341960907,-0.02014642208814621,1],[7,0.592851459980011,0.794023871421814,0.13436278700828552,0,-0.06582131236791611,0.21406428515911102,-0.9745994210243225,0,-0.8026175498962402,0.5689487457275391,0.17917199432849884,0,0.19106513261795044,0.06155746430158615,-0.020146386697888374,1],[7,-0.03703901544213295,-0.40193971991539,0.9149166941642761,0,-0.3579714000225067,0.860124409198761,0.36337652802467346,0,-0.9329977035522461,-0.3140549063682556,-0.17574109137058258,0,0.12470507621765137,0.02131362445652485,0.161423921585083,1],[7,-0.19139112532138824,-0.3553827702999115,0.9149166941642761,0,0.007208032533526421,0.9316145181655884,0.36337655782699585,0,-0.9814873933792114,0.07614180445671082,-0.17574113607406616,0,0.10882969945669174,-0.023123348131775856,0.1614239513874054,1]],8,8,8,8,8,8,8,8,8,8,8,8,8,8,8,8,8,8,8,8,8,8,8,8,8,8,8,8,8,8,8,8,8,8,8,8,8,8,8,8,8,8,8,8]]],0,0,[],[],[]],[[[10,".bin",3931851331,[{"primitives":[{"primitiveMode":7,"jointMapIndex":0,"vertexBundelIndices":[0],"indexView":{"offset":72288,"length":5052,"count":2526,"stride":2}}],"vertexBundles":[{"view":{"offset":0,"length":72288,"count":753,"stride":96},"attributes":[{"name":"a_position","format":32,"isNormalized":false},{"name":"a_normal","format":32,"isNormalized":false},{"name":"a_texCoord","format":21,"isNormalized":false},{"name":"a_tangent","format":44,"isNormalized":false},{"name":"a_joints","format":42,"isNormalized":false},{"name":"a_weights","format":44,"isNormalized":false},{"name":"a_color","format":44,"isNormalized":false},{"name":"a_texCoord1","format":21,"isNormalized":false}]}],"jointMaps":[[0,1,2,3,4,5,6,8,9,10,13,14,15,17,18,19,22,23,24,25,26,27,28,29,30,31,32,33,34,35,36,38,39,40,41,42,43]]},"minPosition",8,[1,-0.16872486472129822,-0.11802186816930771,0.000057497825764585286],"maxPosition",8,[1,0.1687248796224594,0.2628326117992401,0.4474543035030365]]],-1],0,0,[],[],[]],[[[11,[{"rasterizerState":{"cullMode":0},"depthStencilState":{},"blendState":{"targets":[{}]}}],[{"USE_TEXTURE":true,"USE_ALPHA_TEST":true}],[[[{},"mainTexture",6,0]],11]]],0,0,[0,0],[2,3],[1,2]],[[[12,"wiseMan"],[13,"wiseMan",[-6],[[20,true,-2,[4,"efdv3GAdxRaqkb3muHfSSc"],[3],4],[21,4,2,-3,[4,"028zn1QlFJ1Y/5rsgAUHEz"]],[22,0.14,0.23,-4,[4,"21TMOqpm1F5ZOSBwy0UNId"],[1,0,0.22,0]],[23,5,-5,[4,"9dReSqw3BA+Z1UtYada/J6"]]],[0,"58A1/7LhdfIIXtpgdsPnam",-1,0],[1,3.319,0,0],[1,2.5,2.5,2.5]],[18,"Bip001 Head",[[[3,"Bip001 HeadNub",-7,[0,"07hsvxZFRcf5eaq9uLyGoe",1,0],[1,0.123207658529282,-1.77635679969558e-17,-5.9604643443123e-10]],-8,-9,-10],4,1,1,1],[0,"32/6DguXlfNJbm92diuywS",1,0],[1,0.00871356949210167,0.0157096087932587,3.33786012163273e-8],[3,-0.04497393242309631,-0.04614593855895583,-0.5082329536104399,0.8588056605666526],[1,-14.520650083075532,-14.618893085137637,-60.31902074184978]],[5,"Bip001 Spine",[-11,-12,-13],[0,"68xD8O4PJXI4yehvmUucCI",1,0],[1,0.0324462875723839,-0.0000374737355741672,0.0000105042099676211],[3,0.008352819798452114,-0.009544224442051899,0.07523602963718796,0.9970850906646065],[1,1.0485585381364257,-1.1758756792234195,8.619625007731164]],[5,"Bip001 Neck",[-14,-15,2],[0,"cadVcd9AhVVLlyFChhRn3Y",1,0],[1,0.0901775136590004,-0.000647983513772488,-0.00000160217280154029],[3,0.05848033335163258,0.049388702802388426,0.42950618131017426,0.8998140068163704],[1,5.7466197317957946,3.531699384001715,51.14424946337839]],[14,"RootNode",1,[-16,-17],[0,"derWf/NV1aQorLEckOh8VQ",1,0]],[19,"Bip001",5,[[[15,"Bip001 Footsteps",-18,[0,"2etN/ihuNdxbFfMDvPqzDq",1,0],[1,-0.00293861702084541,-0.000113869100459851,-0.165451496839523],[3,0.006059324995333603,0.006499948152579928,0.709662575485432,0.704485673530696],[1,-174.62625320980675,175.64393212320985,89.57900595731198]],-19],4,1],[0,"a67DgsDXdd/L3VVQDAzdpu",1,0],[1,0,0.165546551346779,-0.000683205726090819],[3,0.5024311593220373,0.5064033917038943,0.49721107388689,-0.49386200807244857],[1,-89.960565327104,-90.41984716249682,1.0175329999417297]],[5,"Bip001 L Hand",[-20,-21],[0,"aabjxiKxNffbe657KpQ8Pe",1,0],[1,0.0712845847010612,1.90734859017994e-8,0],[3,-0.6952567904055815,0.2133439991961167,-0.007700593906225767,0.6863257493751989],[1,-88.00567640636768,17.246189480592022,-17.89225364707837]],[5,"Bip001 R Hand",[-22,-23],[0,"2bcHFKUvZWYoMU0C6gAAyK",1,0],[1,0.0712845996022224,0,9.53674295089968e-9],[3,0.7062054806727155,-0.06684811351016619,-0.029653902820677175,0.7042199903690982],[1,89.95437254511512,-3.024305471803156,-7.827018178328295]],[1,"Bip001 L Thigh",3,[-24,-25],[0,"3cq8oWrENa949rqveqR7Up",1,0],[1,-0.0312697216868401,0.00550878047943115,0.0398823991417885],[3,0.029006552701226564,0.9993944426516002,0.01755189382222337,-0.007829362728989035],[1,-2.039934183083427,-179.04338527073654,3.30798356548108]],[1,"Bip001 R Thigh",3,[-26,-27],[0,"d4hXT2dspZsJ7l+Zz9tuby",1,0],[1,-0.0328656174242496,0.00431140419095755,-0.0387512259185314],[3,0.036287106233442355,0.9963589813298199,-0.07713714914734605,-0.0013734868133218497],[1,8.859874647712422,179.835632510886,4.158847590375949]],[16,"wiseMan",5,[[24,1,-28,[4,"5dibOUdeJUT5LUmvTaCE70"],[0],[25],1,1,2]],[0,"75vzdjEMhZ74Aep9xe+HLy",1,0],[3,-0.7071067811865476,0,0,0.7071067811865476],[1,-90.00000000000003,0,0]],[17,"Bip001 Pelvis",6,[3],[0,"efSu5N985WUL0QYIYIBuCu",1,0],[3,-0.49479940595592187,-0.5049780613546375,-0.49496355714783835,0.5051552063591324],[1,-88.83284716033204,-89.99905637901381,-0.019546234652565025]],[1,"Bip001 Spine1",3,[4],[0,"5fs0gL0e1fwJ/m1M5WKqr5",1,0],[1,0.0472389981150627,-0.0000699639276717789,1.61230559569958e-7],[3,-0.0011434411795966035,0.00012945706763932036,0.1132772409248903,0.9935627521558871],[1,-0.1353390535289063,0.0303609280202892,13.008511518114252]],[1,"Bip001 L Clavicle",4,[-29],[0,"ac2LXn7+hbSp17ZOpphX+O",1,0],[1,-0.0130045507103205,0.00986467301845551,0.0292811524122953],[3,0.5307424460776313,-0.2023360651552517,0.7247240265186199,0.39006109528593175],[1,130.95204493516175,-98.12297923885674,20.523811322177842]],[1,"Bip001 L UpperArm",14,[-30],[0,"1bxdONEepZUaVw785XJWmI",1,0],[1,0.0430288910865784,-9.53674295089968e-9,-1.90734859017994e-8],[3,0.1772736898861551,0.36476948689736294,-0.4038872402233673,0.8199953399181813],[1,43.77792256374395,61.19763253938717,-32.211306100228654]],[1,"Bip001 L Forearm",15,[7],[0,"65BAX5VVZYFatTBrbNIM8G",1,0],[1,0.090634785592556,0,1.77635679969558e-17],[3,-1.1733806545541192e-17,7.410180725902611e-18,-0.5339597944947688,0.8455098685781878],[1,-1.5902773407317625e-15,-3.0810897641871182e-30,-64.54678941388501]],[1,"Bip001 L Finger0",7,[-31],[0,"9fNPEUOItdmo3MSeR44HqW",1,0],[1,0.0176883414387703,0.0165967177599669,-0.020450858399272],[3,0.7749238786444299,0.1746045986770731,0.09014558997057602,0.6007328766068558],[1,103.57826742541512,4.342338804942389,22.2666390955629]],[2,"Bip001 L Finger01",17,[[6,"Bip001 L Finger0Nub",-32,[0,"3eY12dly5do6j70aukl5Il",1,0],[1,0.0109526822343469,9.53674295089968e-9,-9.53674295089968e-9],[1,4.73939523445347e-23,-1.5902773407317643e-15,0.0000017075470889476864]]],[0,"71BiQxcrRVIp/I0PDuraPS",1,0],[1,0.015506524592638,-9.53674295089968e-9,9.53674295089968e-9],[3,-1.2108450442536474e-8,1.1442951664335247e-8,0.34289807647802756,0.9393726146464292],[1,-0.000002292022430771756,0.0000022325493857650013,40.10707847650222]],[1,"Bip001 L Finger1",7,[-33],[0,"3e3KYyfB9eDI9l3gZUPi8Q",1,0],[1,0.0369808338582516,9.53674295089968e-9,3.55271359939116e-17],[3,-0.00038296270226187884,0.00010897440580875024,0.27369836501983474,0.9618154950143072],[1,-0.05366687293843176,0.02825498032725098,31.76891179753715]],[8,"Bip001 L Finger11",19,[[3,"Bip001 L Finger1Nub",-34,[0,"0dU4ISu3dTrYF6tIhyQQ7M",1,0],[1,0.0186371840536594,1.77635679969558e-17,3.55271359939116e-17]]],[0,"d3ekRcDMhZp4AWP6JywK1M",1,0],[1,0.0174475386738777,-9.53674295089968e-9,0]],[1,"Bip001 R Clavicle",4,[-35],[0,"44H5fBb0pQv74jhzPdarI5",1,0],[1,-0.0106164356693625,0.000740146613679826,-0.0317861959338188],[3,-0.6101313193472562,0.29190745758835807,0.6658410982454535,0.31493720206283304],[1,-129.23283317111168,93.28043018395094,3.6230776467489854]],[1,"Bip001 R UpperArm",21,[-36],[0,"6foAXmkqxWG7gVV5da5aDP",1,0],[1,0.0430288873612881,0,1.90734859017994e-8],[3,-0.16295713377910043,-0.39737651219403,-0.3852995381368985,0.816750357219696],[1,-41.369008427453934,-63.43923093637537,-29.991822755655758]],[1,"Bip001 R Forearm",22,[8],[0,"70J7idXjFagLr5nh8oDhfG",1,0],[1,0.0906347408890724,0,1.77635679969558e-17],[3,-7.147873631368947e-17,-5.290690326572313e-17,-0.5437014221415678,0.8392787162565466],[1,-2.4880781964843248e-14,-2.3341949089480954e-14,-65.87193592707285]],[1,"Bip001 R Finger0",8,[-37],[0,"99mL9bEINVuJfIA6WitJcm",1,0],[1,0.01768833771348,0.0165966991335154,0.0204508397728205],[3,-0.7749239090908142,-0.1746045623048594,0.09014554932574229,0.6007328540029255],[1,-103.57827189893408,-4.342338982048272,22.266632988018042]],[2,"Bip001 R Finger01",24,[[7,"Bip001 R Finger0Nub",-38,[0,"79v6bOfoBTMbPbvW1llnXX",1,0],[1,0.0109526636078954,9.53674295089968e-9,0],[3,1.49011611938477e-8,-7.45058059692383e-9,1,4.97899631419797e-17],[1,-1,-1,-1],[1,179.99999914622634,-179.99999829245272,-7.016709225559378e-15]]],[0,"09Vamxp2tZcoiJKL63yIaE",1,0],[1,0.0155065320432186,-9.53674295089968e-9,-9.53674295089968e-9],[3,1.8892931304051583e-9,1.6552531474686623e-8,0.34289800468244735,0.9393726408538817],[1,-5.844747773952854e-7,0.000002232549183637845,40.10706971835107]],[1,"Bip001 R Finger1",8,[-39],[0,"ceEbC/kdxdyY0Xl7BCu89W",1,0],[1,0.0369808413088322,-9.53674295089968e-9,-3.55271359939116e-17],[3,0.00038295736055453064,-0.00010897592929043733,0.27369829418997216,0.9618155151719098],[1,0.05366623175408261,-0.02825497483389283,31.76890335887829]],[8,"Bip001 R Finger11",26,[[7,"Bip001 R Finger1Nub",-40,[0,"2fvTNZsn5eKrGzGG+Mz3Td",1,0],[1,0.0186371840536594,0,1.90734859017994e-8],[3,-1.88109076926235e-17,1.86264514923096e-9,1,-2.3283064365387e-9],[1,-1,-1,-1],[1,-179.9999997865566,180,-2.668042644536235e-7]]],[0,"f8kipyd35UY4h5JeP7sBQI",1,0],[1,0.017447542399168,1.77635679969558e-17,-1.90734859017994e-8]],[1,"Bone010",2,[-41],[0,"93DlmgidJVY45fvokJlcjU",1,0],[1,0.0374473556876183,0.00526456348598003,0.0578667260706425],[3,0.09842899513592605,0.9951440764614062,5.51052612012647e-7,5.4270256241097934e-8],[1,-0.00006345679729216584,-179.99999997279235,11.297424409080172]],[2,"Bone011",28,[[3,"Bone012",-42,[0,"a5DJWTDotYIoQ1wZ7Ef/vZ",1,0],[1,0.0642791762948036,9.53674295089968e-9,0]]],[0,"8bZSd4av9Tfp4XSOhgorZe",1,0],[1,0.0398219302296638,-4.76837147544984e-9,0],[3,-0.0000025429166968488755,0.00009705973125965346,0.024669764357425773,0.9996956503353864],[1,-0.0005663801897858631,0.011139588684383993,2.8272335407702665]],[1,"Bone007",2,[-43],[0,"1cNVxynpdf/rS6uAKsKewA",1,0],[1,0.0374473556876183,0.00526472087949514,-0.0582014545798302],[3,0.06633180461205407,0.9977976206108139,5.527131815615218e-7,3.6743383897503935e-8],[1,-0.00006347606355686542,-179.9999999999998,7.606649966889284]],[2,"Bone008",30,[[3,"Bone009",-44,[0,"28ATlsjcNYKKAGQBKPo6Rl",1,0],[1,0.0642791762948036,8.88178399847791e-18,-8.88178399847791e-18]]],[0,"99/K+GiI9YabvaND0jJkRC",1,0],[1,0.0398219116032124,0,-4.76837147544984e-9],[3,-0.0000020088616587698526,0.00007517638740884581,0.025128932697186655,0.9996842156831204],[1,-0.0004471658206490411,0.00862854097649421,2.8798666915326034]],[1,"Bone013",2,[-45],[0,"b31n4/+7la8JwkmMpWZlQa",1,0],[1,0.0803451910614967,-0.0464048646390438,-0.0000114828344521811],[3,-0.38020897593719805,0.9249006079662534,5.918609637543918e-7,3.025864200195636e-7],[1,-0.00010678585106871335,179.99991861310497,-44.69325541276675]],[1,"Bone014",32,[-46],[0,"deSUivQuxUaLlIjxuD+3Q7",1,0],[1,0.0973160341382027,0,1.78813930329369e-9],[3,-0.003991904141676438,0.026856174280965615,0.15894317383387416,0.9869143215578186],[1,-0.9905869046233193,3.276826445598059,18.271018478028793]],[1,"Bone015",33,[-47],[0,"0bZID/TDxYmqM8EU2mMNjl",1,0],[1,0.0556840896606445,-1.90734859017994e-8,0],[3,-0.00003887361507692828,0.0001403912021891064,0.26736217606319795,0.9635961008586035],[1,-0.010027189817160673,0.019477598305802268,31.0147209996511]],[1,"Bone016",34,[-48],[0,"41KFUUy+RVrI6reOo2MulP",1,0],[1,0.0715803354978561,1.90734859017994e-8,1.19209286886246e-9],[3,0.0000051201100752073364,0.00018045031377078423,-0.01987973622937826,0.9998023622191133],[1,0.000998469467050666,0.020702023367249855,-2.278199900174341]],[2,"Bone017",35,[[6,"Bone018",-49,[0,"a4FSayXHVUsYogDooo4H4w",1,0],[1,0.0606786347925663,0,2.38418573772492e-9],[1,5.336084016850591e-8,-4.268868223306581e-7,-0.0000017075472927019777]]],[0,"ceMBdYN7dU3IlmKnK6EDwX",1,0],[1,0.0451813489198685,0,0],[3,-0.00003139147444920182,-0.00036366702114149266,-0.08111657007163947,0.996704554429589],[1,-0.007058618270323059,-0.04238541865486968,-9.3054962331514]],[1,"Bip001 L Calf",9,[-50],[0,"0cmGcR0ShSiop7tcRuPB3A",1,0],[1,0.055916927754879,-1.19209286886246e-9,4.44089199923895e-18],[3,-1.2528663519846692e-21,-8.673608331324208e-19,-0.001444456559601454,0.9999989567720794],[1,-2.8713671569812214e-19,-9.939274855268e-17,-0.16552258666956599]],[1,"Bip001 L Foot",37,[-51],[0,"30IPM3QsJZ0pccsajZBCKI",1,0],[1,0.0880802348256111,0,2.38418573772492e-9],[3,-0.06837178947333379,0.0006213556790013082,0.03447963388445985,0.9970637227221376],[1,-7.857375770208474,0.34194436669184564,3.937704395543071]],[2,"Bip001 L Toe0",38,[[7,"Bip001 L Toe0Nub",-52,[0,"14rgwDKR1dhb3Xv+lM3zCy",1,0],[1,0.00272439466789365,1.49011608607807e-10,0],[3,5.79166137271159e-9,-1.63985702665524e-18,1,-4.65661120774286e-10],[1,-1,-1,-1],[1,-180,-179.9999993363245,-5.336083380739658e-8]]],[0,"a1ZrPw+CBb8ri5v9+Uih/f",1,0],[1,0.0217655058950186,0.0657845810055733,-9.53674295089968e-9],[3,0.01832677792997214,0.018326897139261417,0.7068692432310067,0.7068692432310067],[1,0,2.970314111782499,90]],[1,"Bone004",9,[-53],[0,"20yx4QN/dd9KnqBwQlmP9K",1,0],[1,0.0517290495336056,-0.0941040217876434,-0.015543662942946],[3,0.7998921605288517,-0.1456754904244307,-0.2104324628497107,0.5428345618999332],[1,114.52339267592892,11.607110590136143,-27.484548844829526]],[2,"Bone005",40,[[3,"Bone006",-54,[0,"06ekhHpf1WHLdO1inWbqog",1,0],[1,0.109208926558495,-1.90734859017994e-8,1.77635679969558e-17]]],[0,"c6wABIbMNc668PjBCKF0ME",1,0],[1,0.0807008743286133,1.19209286886246e-9,-1.90734859017994e-8],[3,-0.08609331611333798,-0.22729398870230336,0.09294304480679823,0.9655500888314639],[1,-7.300774463218707,-25.684032656392226,12.62795176762983]],[1,"Bip001 R Calf",10,[-55],[0,"51IrS0qlRf8YkCbKs7NqE9",1,0],[1,0.0559169091284275,5.9604643443123e-10,-4.76837147544984e-9],[3,5.344789964818823e-21,3.035761326221212e-18,-0.0017606065373122468,0.9999984501311093],[1,1.2249412740419925e-18,3.478753190037755e-16,-0.20175075217134994]],[1,"Bip001 R Foot",42,[-56],[0,"f4ntqA3+VVIJ4eXf12eMM0",1,0],[1,0.0880802422761917,5.9604643443123e-10,4.76837147544984e-9],[3,-0.0009975170027512073,0.0013769257039563318,0.02714680446963156,0.9996300115755443],[1,-0.1187231217028153,0.16106633779514115,3.1110147268533237]],[2,"Bip001 R Toe0",43,[[6,"Bip001 R Toe0Nub",-57,[0,"9fQ4kB7gJQ2aDMf/MjK9DU",1,0],[1,0.00272439466789365,7.45058043039037e-11,-8.88178399847791e-18],[1,-1.0672169196591505e-7,0.0000011739386617187943,-1.0672169415254594e-7]]],[0,"66UYXZJ5NasIMd227P6iFb",1,0],[1,0.0217655040323734,0.0657845884561539,-8.88178399847791e-18],[3,-0.1166637228792007,0.11633416880192361,0.6914511245639222,0.7033855836398822],[1,-87.08133431411879,87.05426009491177,71.00897307902854]],[1,"Bone001",10,[-58],[0,"23eN3R9LlatIhWbe5lQTy7",1,0],[1,0.0517297834157944,-0.0941041633486748,0.0155661720782518],[3,-0.0288651530153415,-0.08515067411936494,-0.24135567285816303,0.9662626996927918],[1,-6.2698967587565235,-11.60699774458265,-27.48460054552817]],[2,"Bone002",45,[[6,"Bone003",-59,[0,"8fuibFsR9Vl5wivWmCnyLS",1,0],[1,0.10920886695385,2.8610228852699e-8,1.90734859017994e-8],[1,0.000004909197839377385,-0.0000049091986535994245,-0.000005122641680712722]]],[0,"a4IUA9HiFZprHasZQBChm9",1,0],[1,0.0807008892297745,-1.90734859017994e-8,9.53674295089968e-9],[3,-0.03848873039422886,0.047004762555787206,-0.2407363628539242,0.968687345602067],[1,-3.373229040728846,4.713732605597422,-28.03526008953376]]],0,[0,4,1,0,1,1,0,1,1,0,1,1,0,1,1,0,-1,5,0,0,2,0,-2,28,0,-3,30,0,-4,32,0,-1,13,0,-2,9,0,-3,10,0,-1,14,0,-2,21,0,-1,11,0,-2,6,0,0,6,0,-2,12,0,-1,17,0,-2,19,0,-1,24,0,-2,26,0,-1,37,0,-2,40,0,-1,42,0,-2,45,0,1,11,0,-1,15,0,-1,16,0,-1,18,0,0,18,0,-1,20,0,0,20,0,-1,22,0,-1,23,0,-1,25,0,0,25,0,-1,27,0,0,27,0,-1,29,0,0,29,0,-1,31,0,0,31,0,-1,33,0,-1,34,0,-1,35,0,-1,36,0,0,36,0,-1,38,0,-1,39,0,0,39,0,-1,41,0,0,41,0,-1,43,0,-1,44,0,0,44,0,-1,46,0,0,46,0,5,1,2,0,4,3,0,12,4,0,13,7,0,16,8,0,23,59],[0,0,0,0,0],[-1,6,7,-1,8],[3,4,5,0,0]]]]
