[1,["83Z/61a+5DcLjWilpfzGpT@6c48a","5e9U6GTxNAXJri1QqavH1h","4fmuhjbipPAoMGFfIpBrvj@1f586","f3i7oTaP5HhqwQ8yQUivgN","a7YStUNeNCOKGpSntUY1g5","4fmuhjbipPAoMGFfIpBrvj@989ed","4fmuhjbipPAoMGFfIpBrvj@b4251","4fmuhjbipPAoMGFfIpBrvj@cf5ee","03f/U+ElNKq5e5Lv+114zP","4fmuhjbipPAoMGFfIpBrvj@241db","4fmuhjbipPAoMGFfIpBrvj@438fe"],["_parent","node","mainTexture","_effectAsset","shadeMap1","shadeMap2","root","meshDragon","ndSocketDragonHead","aniComPlayer","data","matDragon","matDragonHit","_mesh","_skeleton","_defaultClip"],[["cc.Node",["_name","_prefab","_lpos","_parent","_euler","_children","_lrot","_lscale","_components"],2,4,5,1,5,2,5,5,9],["cc.Node",["_name","_prefab","_lpos","_lrot","_euler","_children","_parent","_components"],2,4,5,5,5,12,1,2],["cc.Material",["_states","_defines","_props"],1,12],["cc.Mesh",["_native","_hash","_struct"],1,11],["cc.Skeleton",["_name","_hash","_joints","_bindposes"],0,12],["cc.Prefab",["_name"],2],["cc.Node",["_name","_parent","_children","_components","_prefab","_lrot","_euler"],2,1,2,12,4,5,5],["cc.Node",["_name","_parent","_children","_prefab","_lpos","_lrot","_euler"],2,1,9,4,5,5,5],["2b656AN2JJJ2KGEYhDM/3Bh",["node","__prefab","ndSocketDragonHead","meshDragon","matDragon","matDragonHit"],3,1,4,1,1,6,6],["cc.CompPrefabInfo",["fileId"],2],["cc.CapsuleCollider",["_radius","_cylinderHeight","node","__prefab","_center"],1,1,4,5],["cc.RigidBody",["_group","_allowSleep","_linearDamping","_angularDamping","_useGravity","node","__prefab","_angularFactor"],-2,1,4,5],["661afbK8/hPNbWGsBzk8GsI",["node","__prefab"],3,1,4],["cc.PrefabInfo",["fileId","root","asset"],2,1,1],["15aa8oJcxdFKKBQnRjjhjLX",["node","__prefab","aniComPlayer"],3,1,4,1],["cc.SkinnedMeshRenderer",["_shadowCastingMode","node","__prefab","_materials","lightmapSettings","_skinningRoot"],2,1,4,3,4,1],["cc.ModelLightmapSettings",[],3],["cc.SkeletalAnimation",["node","__prefab","_clips","_sockets"],3,1,4,3,9],["cc.SkeletalAnimation.Socket",["path","target"],2,1],["cc.EffectAsset",["_name","shaders","techniques"],0]],[[13,0,1,2,2],[0,0,3,5,1,2,6,4,2],[7,0,1,2,3,4,5,6,2],[0,0,3,1,2,4,2],[9,0,2],[0,0,5,1,2,6,4,2],[0,0,3,1,2,6,4,2],[0,0,3,1,2,2],[2,0,1,2,3],[0,0,3,5,1,2,6,7,4,2],[1,0,5,1,2,3,4,2],[3,0,1,2,3],[4,0,1,2,3,4],[5,0,2],[0,0,5,8,1,2,7,2],[0,0,3,5,1,2],[0,0,3,5,1,6,4,2],[0,0,3,1,2,6,7,4,2],[6,0,1,2,3,4,5,6,2],[1,0,6,7,1,2,3,4,2],[8,0,1,2,3,4,5,1],[10,0,1,2,3,4,3],[11,0,1,2,3,4,5,6,7,6],[12,0,1,1],[14,0,1,2,1],[15,0,1,2,3,4,5,2],[16,1],[17,0,1,2,3,1],[18,0,1,2],[19,0,1,2,4]],[[[[8,[{"rasterizerState":{},"depthStencilState":{},"blendState":{"targets":[{}]}},{},{}],[{},{},{}],[[[{},"highlightColor",8,[4,4294967295],"Fresnelcol",8,[4,4294967295],"emissive",8,[4,4294967295],"mainTexture",6,0],{},{}],11,0,0]]],0,0,[0,0],[2,3],[0,3]],[[[11,".bin",2490946987,[{"primitives":[{"primitiveMode":7,"jointMapIndex":0,"vertexBundelIndices":[0],"indexView":{"offset":282888,"length":37032,"count":18516,"stride":2}}],"vertexBundles":[{"view":{"offset":0,"length":282888,"count":3929,"stride":72},"attributes":[{"name":"a_position","format":32,"isNormalized":false},{"name":"a_normal","format":32,"isNormalized":false},{"name":"a_texCoord","format":21,"isNormalized":false},{"name":"a_tangent","format":44,"isNormalized":false},{"name":"a_joints","format":42,"isNormalized":false},{"name":"a_weights","format":44,"isNormalized":false}]}],"jointMaps":[[0,1,2,3,5,6,7,8,9,10,12,13,14,15,16,17,18,19,20,21,22,23,24,26,27,28,29,30,31,32,33,36,38,39,40,41,42,43,44,46,47,48,49,50,51,52,55]]},"minPosition",8,[1,-0.06277584284543991,-0.07126445323228836,-0.000510338693857193],"maxPosition",8,[1,0.06277584284543991,0.1455993801355362,0.08192424476146698]]],-1],0,0,[],[],[]],[[[12,"Skin-0",348685752,["RootNode/Bip001/Bip001 Pelvis/Bip001 Spine/Bip001 Spine1/Bip001 Neck/Bip001 Neck1/Bip001 Neck2/Bip001 Head","RootNode/Bip001/Bip001 Pelvis/Bip001 Spine/Bip001 Spine1/Bip001 Neck/Bip001 Neck1/Bip001 Neck2","RootNode/Bip001/Bip001 Pelvis/Bip001 Spine/Bip001 Spine1/Bip001 Neck/Bip001 Neck1/Bip001 Neck2/Bip001 Head/Bone037","RootNode/Bip001/Bip001 Pelvis/Bip001 Spine/Bip001 Spine1/Bip001 Neck/Bip001 Neck1/Bip001 Neck2/Bip001 Head/Bone035","RootNode/Bip001/Bip001 Pelvis/Bip001 Spine/Bip001 Spine1/Bip001 Neck/Bip001 Neck1/Bip001 Neck2/Bip001 Head/Bip001 HeadNub","RootNode/Bip001/Bip001 Pelvis/Bip001 Spine","RootNode/Bip001/Bip001 Pelvis/Bip001 Spine/Bip001 Spine1","RootNode/Bip001/Bip001 Pelvis/Bip001 Spine/Bip001 Spine1/Bip001 Neck","RootNode/Bip001/Bip001 Pelvis/Bip001 Spine/Bip001 Spine1/Bip001 Neck/Bip001 L Clavicle","RootNode/Bip001/Bip001 Pelvis/Bip001 Spine/Bip001 Spine1/Bip001 Neck/Bip001 Neck1","RootNode/Bip001/Bip001 Pelvis","RootNode/Bip001","RootNode/Bip001/Bone039/Bone040/Bone041/Bone042/Bone043/Bone044/Bone045","RootNode/Bip001/Bone039/Bone040/Bone041/Bone042/Bone043/Bone044/Bone045/Bone046","RootNode/Bip001/Bone039/Bone040/Bone041/Bone042/Bone043/Bone044","RootNode/Bip001/Bone039/Bone040/Bone041/Bone042/Bone043","RootNode/Bip001/Bone039","RootNode/Bip001/Bone039/Bone040","RootNode/Bip001/Bone039/Bone040/Bone041","RootNode/Bip001/Bip001 Pelvis/Bip001 Spine/Bip001 L Thigh/Bip001 L Calf/Bip001 L HorseLink","RootNode/Bip001/Bip001 Pelvis/Bip001 Spine/Bip001 L Thigh/Bip001 L Calf","RootNode/Bip001/Bip001 Pelvis/Bip001 Spine/Bip001 L Thigh","RootNode/Bip001/Bip001 Pelvis/Bip001 Spine/Bip001 Spine1/Bip001 Neck/Bip001 L Clavicle/Bip001 L UpperArm","RootNode/Bip001/Bip001 Pelvis/Bip001 Spine/Bip001 L Thigh/Bip001 L Calf/Bip001 L HorseLink/Bip001 L Foot","RootNode/Bip001/Bip001 Pelvis/Bip001 Spine/Bip001 L Thigh/Bip001 L Calf/Bip001 L HorseLink/Bip001 L Foot/Bip001 L Toe0","RootNode/Bip001/Bip001 Pelvis/Bip001 Spine/Bip001 L Thigh/Bip001 L Calf/Bip001 L HorseLink/Bip001 L Foot/Bip001 L Toe0/Bip001 L Toe0Nub","RootNode/Bip001/Bone039/Bone040/Bone041/Bone042","RootNode/Bip001/Bip001 Pelvis/Bip001 Spine/Bip001 Spine1/Bip001 Neck/Bip001 L Clavicle/Bip001 L UpperArm/Bip001 L Forearm/Bip001 L Hand","RootNode/Bip001/Bip001 Pelvis/Bip001 Spine/Bip001 Spine1/Bip001 Neck/Bip001 L Clavicle/Bip001 L UpperArm/Bip001 L Forearm","RootNode/Bip001/Bip001 Pelvis/Bip001 Spine/Bip001 Spine1/Bip001 Neck/Bip001 L Clavicle/Bip001 L UpperArm/Bip001 L Forearm/Bip001 L Hand/Bone027","RootNode/Bip001/Bip001 Pelvis/Bip001 Spine/Bip001 Spine1/Bip001 Neck/Bip001 L Clavicle/Bip001 L UpperArm/Bip001 L Forearm/Bip001 L Hand/Bone027/Bone024","RootNode/Bip001/Bip001 Pelvis/Bip001 Spine/Bip001 Spine1/Bip001 Neck/Bip001 L Clavicle/Bip001 L UpperArm/Bip001 L Forearm/Bip001 L Hand/Bone030","RootNode/Bip001/Bip001 Pelvis/Bip001 Spine/Bip001 Spine1/Bip001 Neck/Bip001 L Clavicle/Bip001 L UpperArm/Bip001 L Forearm/Bip001 L Hand/Bone027/Bone028","RootNode/Bip001/Bip001 Pelvis/Bip001 Spine/Bip001 Spine1/Bip001 Neck/Bip001 L Clavicle/Bip001 L UpperArm/Bip001 L Forearm/Bip001 L Hand/Bone030/Bone031","RootNode/Bip001/Bip001 Pelvis/Bip001 Spine/Bip001 Spine1/Bip001 Neck/Bip001 L Clavicle/Bip001 L UpperArm/Bip001 L Forearm/Bip001 L Hand/Bone030/Bone031/Bone032","RootNode/Bip001/Bip001 Pelvis/Bip001 Spine/Bip001 Spine1/Bip001 Neck/Bip001 L Clavicle/Bip001 L UpperArm/Bip001 L Forearm/Bip001 L Hand/Bone027/Bone028/Bone029","RootNode/Bip001/Bip001 Pelvis/Bip001 Spine/Bip001 Spine1/Bip001 Neck/Bip001 L Clavicle/Bip001 L UpperArm/Bip001 L Forearm/Bip001 L Hand/Bone027/Bone024/Bone025","RootNode/Bip001/Bip001 Pelvis/Bip001 Spine/Bip001 Spine1/Bip001 Neck/Bip001 L Clavicle/Bip001 L UpperArm/Bip001 L Forearm/Bip001 L Hand/Bone027/Bone024/Bone025/Bone026","RootNode/Bip001/Bip001 Pelvis/Bip001 Spine/Bip001 R Thigh/Bip001 R Calf/Bip001 R HorseLink","RootNode/Bip001/Bip001 Pelvis/Bip001 Spine/Bip001 R Thigh/Bip001 R Calf","RootNode/Bip001/Bip001 Pelvis/Bip001 Spine/Bip001 R Thigh","RootNode/Bip001/Bip001 Pelvis/Bip001 Spine/Bip001 Spine1/Bip001 Neck/Bip001 R Clavicle","RootNode/Bip001/Bip001 Pelvis/Bip001 Spine/Bip001 Spine1/Bip001 Neck/Bip001 R Clavicle/Bip001 R UpperArm","RootNode/Bip001/Bip001 Pelvis/Bip001 Spine/Bip001 R Thigh/Bip001 R Calf/Bip001 R HorseLink/Bip001 R Foot","RootNode/Bip001/Bip001 Pelvis/Bip001 Spine/Bip001 R Thigh/Bip001 R Calf/Bip001 R HorseLink/Bip001 R Foot/Bip001 R Toe0","RootNode/Bip001/Bip001 Pelvis/Bip001 Spine/Bip001 R Thigh/Bip001 R Calf/Bip001 R HorseLink/Bip001 R Foot/Bip001 R Toe0/Bip001 R Toe0Nub","RootNode/Bip001/Bip001 Pelvis/Bip001 Spine/Bip001 Spine1/Bip001 Neck/Bip001 R Clavicle/Bip001 R UpperArm/Bip001 R Forearm/Bip001 R Hand","RootNode/Bip001/Bip001 Pelvis/Bip001 Spine/Bip001 Spine1/Bip001 Neck/Bip001 R Clavicle/Bip001 R UpperArm/Bip001 R Forearm","RootNode/Bip001/Bip001 Pelvis/Bip001 Spine/Bip001 Spine1/Bip001 Neck/Bip001 R Clavicle/Bip001 R UpperArm/Bip001 R Forearm/Bip001 R Hand/Bone005","RootNode/Bip001/Bip001 Pelvis/Bip001 Spine/Bip001 Spine1/Bip001 Neck/Bip001 R Clavicle/Bip001 R UpperArm/Bip001 R Forearm/Bip001 R Hand/Bone005/Bone002","RootNode/Bip001/Bip001 Pelvis/Bip001 Spine/Bip001 Spine1/Bip001 Neck/Bip001 R Clavicle/Bip001 R UpperArm/Bip001 R Forearm/Bip001 R Hand/Bone021","RootNode/Bip001/Bip001 Pelvis/Bip001 Spine/Bip001 Spine1/Bip001 Neck/Bip001 R Clavicle/Bip001 R UpperArm/Bip001 R Forearm/Bip001 R Hand/Bone005/Bone006","RootNode/Bip001/Bip001 Pelvis/Bip001 Spine/Bip001 Spine1/Bip001 Neck/Bip001 R Clavicle/Bip001 R UpperArm/Bip001 R Forearm/Bip001 R Hand/Bone021/Bone022","RootNode/Bip001/Bip001 Pelvis/Bip001 Spine/Bip001 Spine1/Bip001 Neck/Bip001 R Clavicle/Bip001 R UpperArm/Bip001 R Forearm/Bip001 R Hand/Bone021/Bone022/Bone023","RootNode/Bip001/Bip001 Pelvis/Bip001 Spine/Bip001 Spine1/Bip001 Neck/Bip001 R Clavicle/Bip001 R UpperArm/Bip001 R Forearm/Bip001 R Hand/Bone005/Bone006/Bone007","RootNode/Bip001/Bip001 Pelvis/Bip001 Spine/Bip001 Spine1/Bip001 Neck/Bip001 R Clavicle/Bip001 R UpperArm/Bip001 R Forearm/Bip001 R Hand/Bone005/Bone002/Bone003","RootNode/Bip001/Bip001 Pelvis/Bip001 Spine/Bip001 Spine1/Bip001 Neck/Bip001 R Clavicle/Bip001 R UpperArm/Bip001 R Forearm/Bip001 R Hand/Bone005/Bone002/Bone003/Bone004"],[[[7,0.0000012573469803101034,-0.0000024151675006578444,1,0,-0.967686116695404,-0.25215721130371094,6.077155489947472e-7,0,0.25215721130371094,-0.967686116695404,-0.0000026541738407104276,0,-0.04986133798956871,0.03128169849514961,6.579398359463084e-8,1],[7,0.0000012641587545658695,-0.0000024489870611432707,1,0,-0.9740037322044373,-0.22653159499168396,6.765224611626763e-7,0,0.22653159499168396,-0.9740037322044373,-0.000002671694801392732,0,-0.03834327682852745,0.03258667141199112,6.932185669938917e-8,1],[7,-8.940695295223122e-8,-2.184734597676652e-7,-1.0000001192092896,0,-0.9951475262641907,-0.09839382767677307,1.1046957837379523e-7,0,-0.09839385002851486,0.9951474070549011,-2.0861631355728605e-7,0,-0.04353128373622894,-0.051403239369392395,1.2688669670524177e-8,1],[7,-1.564621925354004e-7,-2.0541564538234525e-7,-1,0,-0.9880244135856628,-0.15429753065109253,1.862835858901235e-7,0,-0.15429751574993134,0.9880244731903076,-1.7881393432617188e-7,0,-0.04102368652820587,-0.04650646075606346,1.477133526606167e-8,1],[7,0.0000012573469803101034,-0.0000024151675006578444,1,0,-0.967686116695404,-0.25215721130371094,6.077155489947472e-7,0,0.25215721130371094,-0.967686116695404,-0.0000026541738407104276,0,-0.07967918366193771,0.031281694769859314,6.579397648920349e-8,1],[7,0.000001282095468013722,-0.000002579433385108132,1,0,-0.991905927658081,-0.12697404623031616,9.441972110835195e-7,0,0.12697404623031616,-0.991905927658081,-0.000002721348664636025,0,0.00827243085950613,0.030861815437674522,6.482460435108806e-8,1],[7,0.000001282095468013722,-0.000002579433385108132,1,0,-0.991905927658081,-0.12697404623031616,9.441972110835195e-7,0,0.12697404623031616,-0.991905927658081,-0.000002721348664636025,0,0.000016669915567035787,0.030872344970703125,6.485294079539017e-8,1],[7,0.0000012641587545658695,-0.0000024489870611432707,1,0,-0.9740037322044373,-0.22653159499168396,6.765224611626763e-7,0,0.22653159499168396,-0.9740037322044373,-0.000002671694801392732,0,-0.0169929638504982,0.03256967291235924,6.927611195806094e-8,1],[7,1,-1.9709518994659447e-7,0.0000013404592209553812,0,0.0000013546551826948416,0.12776388227939606,-0.9918044805526733,0,2.4217643002089062e-8,0.9918044805526733,0.12776388227939606,0,-0.005428990814834833,-0.03150030970573425,-0.008270052261650562,1],[7,0.0000012641587545658695,-0.0000024489870611432707,1,0,-0.9740037322044373,-0.22653159499168396,6.765224611626763e-7,0,0.22653159499168396,-0.9740037322044373,-0.000002671694801392732,0,-0.027668120339512825,0.03257817402482033,6.929898432872506e-8,1],[7,-1.0530025917887542e-7,0.0000013485904446497443,1,0,-0.9985927939414978,0.053030241280794144,-1.7666819474015938e-7,0,-0.053030241280794144,-0.9985927939414978,0.0000013411088275461225,0,0.02332141622900963,0.028870632871985435,-2.8291275100400526e-8,1],[7,-1.1920926823449918e-7,1,0.0000028067738639947493,0,0.053030211478471756,0.0000028091465082979994,-0.9985927939414978,0,-0.9985927939414978,2.9802306400483758e-8,-0.053030211478471756,0,0.028870634734630585,-5.3828664192678843e-8,0.02332141622900963,1],[7,5.577775823439879e-7,-2.110352568251983e-7,-1,0,0.8808242678642273,0.4734438955783844,3.913904151886527e-7,0,0.47344398498535156,-0.880824089050293,4.499611350183841e-7,0,-0.12291361391544342,-0.04539022222161293,-3.531441805648683e-8,1],[7,5.836753302901343e-7,-1.033697358820973e-7,-1,0,0.719401478767395,0.6945945024490356,3.4809673365998606e-7,0,0.6945946216583252,-0.7194013595581055,4.79781988360628e-7,0,-0.1142553985118866,-0.07935282588005066,-3.134538673066345e-8,1],[7,5.336552248991211e-7,-2.5919680979313853e-7,-1,0,0.9341263175010681,0.3569428622722626,4.059828313529579e-7,0,0.35694289207458496,-0.9341262578964233,4.326069245053077e-7,0,-0.11526725441217422,-0.029302895069122314,-3.497499889704159e-8,1],[7,4.851978019360104e-7,-3.279125166955055e-7,-1,0,0.986254096031189,0.1652361899614334,4.2434518832124013e-7,0,0.1652361899614334,-0.986254096031189,4.035772178667685e-7,0,-0.1004876047372818,-0.005938030779361725,-3.386747593481232e-8,1],[7,1.564621925354004e-7,-5.77546870772494e-7,-1,0,0.8242254257202148,-0.566261887550354,4.560027946354239e-7,0,-0.5662618279457092,-0.8242254257202148,3.8743019104003906e-7,0,-0.008401839062571526,0.04105069488286972,-2.5007055981518533e-8,1],[7,2.4278742216665705e-7,-5.406751597547554e-7,-1,0,0.9063252210617065,-0.42258089780807495,4.485233375817188e-7,0,-0.42258089780807495,-0.9063252806663513,3.8743019104003906e-7,0,-0.02986784838140011,0.036626528948545456,-2.6557620103062618e-8,1],[7,3.709710938437638e-7,-4.5220519950817106e-7,-1,0,0.9872648119926453,-0.15908537805080414,4.3818590711453e-7,0,-0.15908536314964294,-0.9872649312019348,3.8743019104003906e-7,0,-0.055079635232686996,0.022441456094384193,-2.831765044675194e-8,1],[7,0.0736791267991066,0.13968361914157867,-0.9874512553215027,0,-0.42212027311325073,-0.8927040100097656,-0.1577775478363037,0,-0.9035406112670898,0.42844805121421814,-0.006810356862843037,0,0.02824060432612896,0.01650150679051876,0.015101094730198383,1],[7,-0.157058447599411,-0.016516681760549545,-0.9874511361122131,0,0.9766119718551636,0.14606501162052155,-0.15777765214443207,0,0.1468380093574524,-0.9891371130943298,-0.006810356397181749,0,-0.019306624308228493,0.014280766248703003,0.015101097524166107,1],[7,0.03813028335571289,0.15325172245502472,-0.9874513149261475,0,-0.1963469237089157,-0.9677572250366211,-0.15777716040611267,0,-0.9797928333282471,0.1998990923166275,-0.006810355465859175,0,0.033288564532995224,0.013266634196043015,0.015101089142262936,1],[7,0.412586510181427,0.1565186083316803,0.8973706364631653,0,0.007813851349055767,0.984483003616333,-0.17530526220798492,0,-0.9108847379684448,0.07934051007032394,0.4049614369869232,0,0.024815712124109268,-0.0002090053603751585,-0.023898392915725708,1],[7,5.0222304537328455e-8,0.29157671332359314,-0.9565474390983582,0,-0.07720765471458435,-0.9536921381950378,-0.2907063663005829,0,-0.9970149993896484,0.07385280728340149,0.022511908784508705,0,0.0070113507099449635,0.01799718476831913,0.01762246899306774,1],[7,0.29157769680023193,-1.699737168792126e-7,-0.9565471410751343,0,-0.953691840171814,0.07720761001110077,-0.2907073497772217,0,0.07385276257991791,0.9970149993896484,0.022511852905154228,0,0.011848284862935543,-0.002131723565980792,0.017622487619519234,1],[7,0.29157769680023193,-1.699737168792126e-7,0.9565471410751343,0,-0.953691840171814,0.07720761001110077,0.2907073497772217,0,0.07385276257991791,0.9970149993896484,-0.022511852905154228,0,0.008393141441047192,-0.0021317237988114357,-0.017622485756874084,1],[7,4.41609557810807e-7,-3.762814060337405e-7,-1,0,0.9996742606163025,0.025523411110043526,4.3186165044062363e-7,0,0.025523411110043526,-0.9996742606163025,3.8743019104003906e-7,0,-0.07811857759952545,0.008189704269170761,-3.0938565487304004e-8,1],[7,-0.0391794890165329,0.21374641358852386,0.9761031270027161,0,-0.5935076475143433,0.7808923125267029,-0.19482192397117615,0,-0.803874135017395,-0.5869576334953308,0.09626518189907074,0,0.00038569705793634057,0.008349149487912655,-0.023468762636184692,1],[7,0.27351894974708557,0.3462848961353302,0.8973705768585205,0,-0.49918249249458313,0.8485780954360962,-0.17530538141727448,0,-0.8221947550773621,-0.4000023901462555,0.4049615263938904,0,0.008564187213778496,0.004886237904429436,-0.023898396641016006,1],[7,0.6101012229919434,0.7501114010810852,0.2551654279232025,0,0.3858489990234375,-0.0000014611827054977766,-0.9225622415542603,0,0.6920239329338074,-0.6613113880157471,0.28943073749542236,0,-0.016951819881796837,-0.014853271655738354,-0.020277518779039383,1],[7,0.3953222632408142,0.900307834148407,0.1821160614490509,0,0.4184141755104065,-3.888626451953314e-7,-0.9082564115524292,0,0.8177103400230408,-0.4352538287639618,0.376701682806015,0,-0.017092106863856316,-0.018548522144556046,-0.019217712804675102,1],[7,0.14991211891174316,0.9886990785598755,-7.281632861122489e-7,0,0.33815547823905945,-0.051273711025714874,-0.9396921992301941,0,0.9290731549263,-0.14087101817131042,0.34202060103416443,0,-0.012357396073639393,-0.021830670535564423,-0.012968320399522781,1],[7,0.2883641719818115,0.9200879335403442,0.2651112377643585,0,0.3533064126968384,0.15509438514709473,-0.9225620627403259,0,0.8899555802345276,-0.3596991300582886,0.280349463224411,0,-0.044456567615270615,-0.033539317548274994,-0.020464057102799416,1],[7,-0.18793421983718872,0.9821812510490417,1.6206443831379147e-7,0,0.10266654938459396,0.019644755870103836,-0.9945216774940491,0,0.9768009185791016,0.186904639005661,0.10452911257743835,0,-0.024260716512799263,-0.031352341175079346,-0.005955176427960396,1],[7,-0.18793421983718872,0.9821812510490417,1.6206443831379147e-7,0,0.10266654938459396,0.019644755870103836,-0.9945216774940491,0,0.9768009185791016,0.186904639005661,0.10452911257743835,0,-0.054034728556871414,-0.031352341175079346,-0.005955176427960396,1],[7,0.2883641719818115,0.920087993144989,0.2651112377643585,0,0.35330644249916077,0.15509440004825592,-0.9225620627403259,0,0.8899556398391724,-0.3596991300582886,0.280349463224411,0,-0.0880221351981163,-0.03353932872414589,-0.020464055240154266,1],[7,0.15120208263397217,0.9715819358825684,0.18211646378040314,0,0.40441974997520447,0.10730884224176407,-0.9082564115524292,0,0.9019883275032043,-0.21098166704177856,0.37670156359672546,0,-0.03193172439932823,-0.027663128450512886,-0.0192177202552557,1],[7,0.15120205283164978,0.971581757068634,0.18211647868156433,0,0.4044196903705597,0.10730884224176407,-0.9082564115524292,0,0.9019882678985596,-0.21098165214061737,0.37670156359672546,0,-0.06646156311035156,-0.02766312286257744,-0.01921772211790085,1],[7,-0.07367805391550064,-0.13968151807785034,-0.9874515533447266,0,-0.42212051153182983,-0.8927043676376343,0.1577751785516739,0,-0.9035406112670898,0.42844805121421814,0.006810287479311228,0,0.02824060618877411,0.01650151051580906,-0.015101063065230846,1],[7,0.15705576539039612,0.016516346484422684,-0.9874516129493713,0,0.976612389087677,0.14606502652168274,0.1577749401330948,0,0.1468379944562912,-0.9891371130943298,0.006810287479311228,0,-0.01930663175880909,0.014280766248703003,-0.01510105561465025,1],[7,-0.03812983259558678,-0.1532498151063919,-0.9874515533447266,0,-0.19634702801704407,-0.9677574634552002,0.15777520835399628,0,-0.9797927737236023,0.1998991221189499,0.00681028887629509,0,0.033288564532995224,0.01326663140207529,-0.015101060271263123,1],[7,-1,-1.9709518994659447e-7,-0.0000012530364301710506,0,-0.0000012679490737355081,0.12776388227939606,0.9918044805526733,0,-3.5387117236496124e-8,0.9918044805526733,-0.12776388227939606,0,-0.005428949370980263,-0.03150030970573425,0.008270052261650562,1],[7,-0.4125865399837494,-0.15652115643024445,0.8973702788352966,0,0.00781276822090149,0.98448246717453,0.17530761659145355,0,-0.9108846783638,0.07934051007032394,-0.404961496591568,0,0.024815723299980164,-0.00020899904484394938,0.023898359388113022,1],[7,4.649701423886654e-8,-0.29157623648643494,-0.9565476179122925,0,-0.07720765471458435,-0.9536923766136169,0.2907058894634247,0,-0.9970149993896484,0.0738527923822403,-0.022511962801218033,0,0.007011350244283676,0.01799716055393219,-0.01762247085571289,1],[7,-0.29157525300979614,-8.531782924592335e-8,-0.9565479159355164,0,-0.9536926746368408,0.07720761001110077,0.2907049357891083,0,0.07385275512933731,0.9970149993896484,-0.022511910647153854,0,0.011848297901451588,-0.0021317244973033667,-0.0176224522292614,1],[7,-0.29157525300979614,-8.531782924592335e-8,-0.9565479159355164,0,-0.9536926746368408,0.07720761001110077,0.2907049357891083,0,0.07385275512933731,0.9970149993896484,-0.022511910647153854,0,0.008393154479563236,-0.0021317247301340103,-0.0176224522292614,1],[7,0.039180900901556015,-0.21374820172786713,0.9761026501655579,0,-0.5935075283050537,0.7808919548988342,0.19482417404651642,0,-0.8038741946220398,-0.5869576930999756,-0.09626511484384537,0,0.0003856924595311284,0.008349164389073849,0.02346872352063656,1],[7,-0.2735177278518677,-0.34628692269325256,0.8973702788352966,0,-0.49918317794799805,0.8485772609710693,0.175307497382164,0,-0.8221946358680725,-0.40000247955322266,-0.4049615263938904,0,0.008564195595681667,0.004886257462203503,0.023898359388113022,1],[7,-0.6101012229919434,-0.7501115202903748,-0.2551654875278473,0,0.385849267244339,-0.0000013874337128072511,-0.9225620627403259,0,0.6920242309570312,-0.6613113284111023,0.2894308269023895,0,-0.016937285661697388,-0.01483540702611208,-0.020271440967917442,1],[7,-0.39532196521759033,-0.9003078937530518,-0.18211622536182404,0,0.4184141457080841,-9.529460953672242e-8,-0.9082565307617188,0,0.8177103996276855,-0.43525367975234985,0.37670162320137024,0,-0.01708267442882061,-0.018527068197727203,-0.019213376566767693,1],[7,-0.1499120444059372,-0.9886992573738098,4.884320219389338e-7,0,0.3381555378437042,-0.051273465156555176,-0.9396924376487732,0,0.9290733337402344,-0.14087101817131042,0.3420206904411316,0,-0.012353820726275444,-0.0218071099370718,-0.012968328781425953,1],[7,-0.28836390376091003,-0.9200881123542786,-0.2651117146015167,0,0.3533066511154175,0.1550949364900589,-0.9225619435310364,0,0.8899557590484619,-0.3596990406513214,0.280349463224411,0,-0.044449690729379654,-0.033517397940158844,-0.020457761362195015,1],[7,0.18793439865112305,-0.9821813702583313,1.316604141265998e-7,0,0.10266666114330292,0.019644493237137794,-0.9945217967033386,0,0.9768010377883911,0.18690480291843414,0.10452917218208313,0,-0.024265190586447716,-0.031328942626714706,-0.005955170374363661,1],[7,0.18793439865112305,-0.9821813702583313,1.316604141265998e-7,0,0.10266666114330292,0.019644493237137794,-0.9945217967033386,0,0.9768010377883911,0.18690480291843414,0.10452917218208313,0,-0.05403919890522957,-0.031328942626714706,-0.005955169443041086,1],[7,-0.28836390376091003,-0.9200881719589233,-0.2651117146015167,0,0.35330668091773987,0.1550949513912201,-0.9225619435310364,0,0.8899558186531067,-0.3596991002559662,0.280349463224411,0,-0.08801526576280594,-0.03351740539073944,-0.020457761362195015,1],[7,-0.15120182931423187,-0.9715819954872131,-0.18211671710014343,0,0.4044196605682373,0.10730914771556854,-0.9082564115524292,0,0.9019882678985596,-0.210981547832489,0.3767015337944031,0,-0.031928110867738724,-0.027639972046017647,-0.019213389605283737,1],[7,-0.15120179951190948,-0.9715818762779236,-0.18211673200130463,0,0.4044196307659149,0.10730915516614914,-0.9082564115524292,0,0.9019882082939148,-0.21098153293132782,0.3767015337944031,0,-0.06645794957876205,-0.027639970183372498,-0.019213389605283737,1]],8,8,8,8,8,8,8,8,8,8,8,8,8,8,8,8,8,8,8,8,8,8,8,8,8,8,8,8,8,8,8,8,8,8,8,8,8,8,8,8,8,8,8,8,8,8,8,8,8,8,8,8,8,8,8,8,8]]],0,0,[],[],[]],[[[8,[{"rasterizerState":{},"depthStencilState":{},"blendState":{"targets":[{}]}},{"rasterizerState":{},"depthStencilState":{},"blendState":{"targets":[{}]}},{},{}],[{},{"USE_BASE_COLOR_MAP":true,"USE_1ST_SHADE_MAP":true,"USE_2ND_SHADE_MAP":true},{},{}],[[{},[{},"mainColor",8,[4,4286085240],"shadeColor1",8,[4,4286085240],"shadeColor2",8,[4,4284111450],"specular",8,[4,16777215],"mainTexture",6,0,"shadeMap1",6,1,"shadeMap2",6,2],{},{}],0,11,0,0]]],0,0,[0,0,0,0],[2,4,5,3],[0,0,0,4]],[[[13,"dragon"],[14,"dragon",[-8],[[20,-4,[4,"72xX8o0xRNqpeQ1QUtvMKh"],-3,-2,5,6],[21,0.05,0.01,-5,[4,"d5JFhhX/BAd6NFL/YRNuUZ"],[1,0,0.05,0]],[22,8,false,0,0.5,false,-6,[4,"274Ar0LPBNgr3wwu0AM1NX"],[1,0,0,0]],[23,-7,[4,"0bwv8/+7pNsYeyDxJeQsze"]]],[0,"37HexYk85D9rmKz/h6A6z4",-1,0],[1,0,1.7,0],[1,40,40,40]],[18,"body",1,[-12,-13],[[-9,[24,-11,[4,"b2jHu2JYxM2aoKE6f0bQ5T"],-10]],1,4],[0,"b61umEaT5LUpnu1LMBmtvY",1,0],[3,0,1,0,6.123233995736766e-17],[1,0,180,0]],[10,"Bip001",[[[6,"Bip001 Footsteps",-14,[0,"16AnhIEEFLdqxQ+AqV06KG",1,0],[1,0.0375632047653198,-1.44830574200228e-8,0.0107993455603719],[3,0.5648682030443909,0.5648687990908298,-0.4253507489005588,-0.4253514939586063],[1,0,253.9602371628912,90]],-15,-16],4,1,1],[0,"976pqutedFeLJTUINLVYfu",1,0],[1,-8.18763723486882e-9,0.039782389998436,-0.021757585927844],[3,0.09865330021603967,0.09865405272466944,-0.7001909515621213,0.7001910707714096],[1,89.99993459456431,89.99999617143098,-73.96016131809188]],[5,"Bip001 Spine",[-17,-18,-19],[0,"0cXEEcakdOLqnmj/ITLFOm",1,0],[1,0.00964760314673185,-0.00000656843167234911,1.25169750120335e-8],[3,-0.0000028698501315159556,-0.002171799136511343,-0.02025806961347605,0.9997924254042987],[1,-0.005374826590135968,-0.24903003287286937,-2.3215563939703796]],[5,"Bip001 Neck",[-20,-21,-22],[0,"c79h9Wi7dEU5cfquHJYC7w",1,0],[1,0.01363205909729,-0.00324737071059644,-8.94069618340154e-9],[3,-0.001200513586953376,-0.017411019971739206,-0.06798920904854469,0.997533399242163],[1,-0.275423469498086,-2.018646830804204,-7.793386335951009]],[10,"Bip001 Head",[[[3,"Bip001 HeadNub",-23,[0,"7dbjmVvvJBT6XNBvhl8/8A",1,0],[1,0.0298178382217884,-4.76837147544984e-9,-1.11022299980974e-18],[1,2.776989726230545e-23,-0.0000010005159917010863,1.5902773407317633e-15]],-24,-25],4,1,1],[0,"aaX+Wt1U9LWIMp/EhxNGJe",1,0],[1,0.0106751536950469,0,2.98023217215615e-10],[3,-0.06328852504067352,0.10195539939046432,-0.1383382982476669,0.9830880806780471],[1,-5.7615227812036744,11.00308291796958,-16.553031267060458]],[15,"RootNode",2,[3,-26],[0,"d2hSOHlfNIfpjrfK4s1UIK",1,0]],[5,"Bip001 L Hand",[-27,-28],[0,"968AJaUc5GAKm4yDejKsmj",1,0],[1,0.0136269303038716,0,0],[3,-0.10996846465615151,0.5208324958603175,-0.13030949656796298,0.8364567431381523],[1,-2.931350213920421,63.31638122552442,-19.423429834449465]],[9,"Bone027",8,[-29,-30],[0,"f2z6wBagpNWYCyE7X2s9qp",1,0],[1,0.000310108647681773,-0.0000184488289960427,0.00567122455686331],[3,0.8182178803009595,-0.24465906821192332,-0.31000206129336993,-0.41780397639483974],[1,-1,-1,-0.999998986721039],[1,-122.44902473892822,45.96817617909315,-8.124737399190261]],[5,"Bip001 R Hand",[-31,-32],[0,"a5lz2by+VE6JqIvMnhBvxC",1,0],[1,0.0136269330978394,-1.19209286886246e-9,-4.44089199923895e-18],[3,0.10996845895995334,-0.5208324688819914,-0.13030950471929123,0.836456759415617],[1,2.9313497697956175,-63.316377628055946,-19.423430199676375]],[1,"Bone005",10,[-33,-34],[0,"e6PRF0QeRJ/7L6wpt9QDsM",1,0],[1,0.000311000330839306,-0.0000234675408137264,-0.00564802624285221],[3,0.2655818755293924,0.8113219126376789,-0.411138772174789,0.31966847119920333],[1,58.10392305511204,131.6059751288009,9.67670390287839]],[6,"Bip001 Head Socket",2,[0,"17QPK6d7lJ/4102TmycauO",1,0],[1,0.0013619820084571934,0.02593954994818664,0.040553152613107886],[3,0.6417208600458258,0.04412990495992582,0.7647716042235,0.03703083368880549],[1,-178.84821627496527,-100.06533560889937,6.504336971503357]],[16,"Bip001 Pelvis",3,[4],[0,"61Di/nd/5AtIvMqGLlJvpH",1,0],[3,-0.4731467678386186,-0.5254827157470723,-0.4731460823852015,0.5254834310028114],[1,-83.99992059151153,-89.99991976589897,0.0000024950561334242594]],[1,"Bip001 Spine1",4,[5],[0,"1fQHxMA89BY4AoZGRCwBcN",1,0],[1,0.00825758930295706,-0.0000103616712294752,-3.66866572676372e-7],[3,0.017387226284160232,0.001506919162909992,0.08714249760288953,0.9960429702921005],[1,2.0002863046398693,-0.0016534757694901833,9.999974920153923]],[1,"Bip001 Neck1",5,[-35],[0,"c9YiZD8OpL9ZCNWhpYvU8N",1,0],[1,0.0106747075915337,-0.00000849008574732579,2.98023217215615e-10],[3,-0.0004708152417005577,-0.017445923247735577,-0.026173013424455358,0.9995050732554215],[1,-0.1063943664184459,-2.002726699045133,-2.998148847476959]],[1,"Bip001 Neck2",15,[6],[0,"beBOJt+glNk7VrNlceEZti",1,0],[1,0.0106745641678572,-0.000008480548785883,-5.9604643443123e-10],[3,-4.591427620089329e-8,1.7959439202597657e-7,-0.03489949879296483,0.9993908269460778],[1,-0.0000045510377627744605,0.000020433620048431492,-4.000000239696406]],[2,"Bone035",6,[[3,"Bone036",-36,[0,"9cbdIWj89Aq48f2Ws6T3Fx",1,0],[1,0.02193633466959,0,5.9604643443123e-10],[1,-1.0672170697415733e-7,-8.004128092636431e-8,-0.0000017075472924286486]]],[0,"88fB+5l41FkLEEq4D7InKE",1,0],[1,0.00629563815891743,0.00497226696461439,-6.97374318292532e-8],[3,0.979078797057699,0.20348147126717522,-3.2178517462125794e-7,-0.0000017004965023033889],[1,-179.99980016951565,-0.0000038688777064545456,23.481240495566468]],[2,"Bone037",6,[[3,"Bone038",-37,[0,"d6yihf+z1Gw4i0nEOALA3j",1,0],[1,0.022836847230792,2.38418573772492e-9,-1.11022299980974e-18],[1,-1.0672189025359889e-7,-6.403301488137449e-7,-0.00001707547129599142]]],[0,"cfvnMTkWBEMrcS8s7EcOi3",1,0],[1,0.00877195782959461,-0.00187553162686527,-9.05990589217254e-8],[3,0.9844236829129627,0.17581243561544682,-2.858238831363736e-7,-0.0000017209214074074728],[1,-179.9997992144481,-0.0000025879025320036555,20.251880594736935]],[1,"Bip001 L Clavicle",5,[-38],[0,"c3z8Q5npBFj54vcaxBUkoD",1,0],[1,-0.00548235187307,0.00185981742106378,0.00562378531321883],[3,0.7176935729491005,0.04694962911166838,0.6930698807187845,-0.04863957354131126],[1,-172.2474305197402,-87.99998573342465,-0.001739083520859746]],[1,"Bip001 L UpperArm",19,[-39],[0,"64WbpHvGdPzaJnUEkcbNuO",1,0],[1,0.0058108065277338,-2.38418573772492e-9,2.22044599961948e-18],[3,0.9483499481762887,0.06139078334506814,0.26902809610847883,-0.15648460313576149],[1,-160.73076325048385,-31.988863281176393,1.847672675945881]],[1,"Bip001 L Forearm",20,[8],[0,"4ag/lh7LZHZ7Y0pgDtxWdW",1,0],[1,0.0149578731507063,4.44089199923895e-18,2.38418573772492e-9],[3,-1.1000234182655267e-18,-2.7733768698721088e-17,-0.03963252045279572,0.9992143230171187],[1,-2.52702580845537e-16,-3.1905777965982096e-15,-4.54274207844576]],[2,"Bone028",9,[[3,"Bone029",-40,[0,"c0bEn3BBtMsYRt6PKaLIYG",1,0],[1,0.0435655675828457,-7.15255721317476e-9,-4.76837147544984e-9],[1,9.859717085966306e-14,0.0000034150941778953736,-0.0000017075470889476836]]],[0,"13/keh3nVO+6coG6mMR49s",1,0],[1,0.0367906577885151,-1.90734859017994e-8,0],[3,-0.03509241682670745,-0.14940580587714936,-0.1882447135948134,0.9700568824842525],[1,-7.641881519007726,-18.914479171550067,-20.776906097099136]],[1,"Bone024",9,[-41],[0,"97K4ujLyRPfq2jU5D0w3Wr",1,0],[1,0.00461358763277531,-0.00332439411431551,-0.0000902414321899414],[3,0.05302821491586133,0.021847410207031504,-0.20158144905020436,0.9777911937059482],[1,7.024342403123852,3.9954228493293087,-23.07228104914234]],[2,"Bone025",23,[[7,"Bone026",-42,[0,"81LGC8sttOFL73W2vKNMRk",1,0],[1,0.0345298424363136,9.53674295089968e-9,2.38418573772492e-9]]],[0,"44ududuzdCOpUVG5gz0i/r",1,0],[1,0.0208662450313568,4.44089199923895e-18,4.76837147544984e-9],[3,-0.011832891911598885,-0.09073349048692698,-0.12877629640923846,0.9874432043698449],[1,-2.7683561527100125,-10.854874417922366,-14.60603453361864]],[9,"Bone030",8,[-43],[0,"581qNOfDVEuI2y19HWiC9f",1,0],[1,-0.00543826073408127,-0.00130563019774854,0.00242192251607776],[3,-0.767047455656848,-0.13947188687103113,0.06841211684033567,0.6224994584836315],[1,-1,-1,-1],[1,-101.24551924467202,-4.128177337994811,17.40572408382823]],[2,"Bone031",25,[[7,"Bone032",-44,[0,"20h0zKWZBIqrr8zBgp+l8y",1,0],[1,0.0297740120440722,-4.76837147544984e-9,-2.38418573772492e-9]]],[0,"33ku319T9JM6STLZ2m2oCr",1,0],[1,0.018662927672267,0,-2.38418573772492e-9],[3,0.001624573715111415,-0.12913383499712167,-0.16776691320286197,0.97733109858101],[1,-2.4363871622356537,-15.465130988754842,-19.1684890209462]],[1,"Bip001 R Clavicle",5,[-45],[0,"1cCdjB5D5JpYK5G6TNMJbt",1,0],[1,-0.00586129073053598,0.00186014652717859,-0.00522754061967134],[3,-0.6930698587215358,-0.048639456513550144,0.7176936097749674,-0.04694951213754407],[1,172.24744952113906,92.00001902216077,0.0017390885938365138]],[1,"Bip001 R UpperArm",27,[-46],[0,"a7nMcygXxA4oYwUWwKpFPW",1,0],[1,0.00581080885604024,0,5.9604643443123e-10],[3,0.9356099305416723,0.18843616420883305,-0.22768078594203647,0.1930992739574271],[1,152.37559131460117,31.1487302012253,15.347672095563066]],[1,"Bip001 R Forearm",28,[10],[0,"b6oTfzmB5AkJNeplfQNkcz",1,0],[1,0.0149578712880611,0,-2.38418573772492e-9],[3,-2.7733768698721088e-17,1.1000234182655267e-18,-0.03963252045279572,0.9992143230171187],[1,-3.1805546814635168e-15,-5.091988589234127e-31,-4.54274207844576]],[2,"Bone006",11,[[3,"Bone007",-47,[0,"57zK05Y0hHLIy/DJ1su5MM",1,0],[1,0.0435655675828457,2.38418573772492e-9,8.88178399847791e-18],[1,-0.0000017075472670587555,-0.0000017075472670587555,0.0000017075473179476297]]],[0,"daGM1vgLVPcoFRBSLhL+lk",1,0],[1,0.0367906615138054,-1.90734859017994e-8,0],[3,-0.006073654049254923,0.0012947810802793017,-0.18955118597234996,0.9818512016415316],[1,-0.7059847139769964,0.014817413340940411,-21.853697499508602]],[1,"Bone002",11,[-48],[0,"32k6xBc65EFZaqS9TAQqkF",1,0],[1,0.00461359228938818,-0.00332439900375903,-0.0000902414321899414],[3,0.05340112512750421,0.02091883922632315,-0.1844859171429393,0.9811603683274557],[1,6.925779607873767,3.73335939550016,-21.08707634945682]],[2,"Bone003",31,[[3,"Bone004",-49,[0,"843JmNE5NFRZuSjr/dyq2S",1,0],[1,0.0345298461616039,0,-2.38418573772492e-9],[1,8.537736335293751e-7,0.000001707547286142083,8.537736589738124e-7]]],[0,"e4Awm8t9VEFLI/4jQnMgZr",1,0],[1,0.0208662506192923,0,-4.76837147544984e-9],[3,-0.006239730797307879,-0.047845612694152495,-0.12916815141275476,0.9904481065488034],[1,-1.4650745212280152,-5.721434720351789,-14.789680176698091]],[1,"Bone021",10,[-50],[0,"55D6t8G7FFHZfJk94XuImH",1,0],[1,-0.00543737038969994,-0.00131065840832889,-0.00239870534278452],[3,-0.11721924820094291,0.7699470007853302,-0.6214836307520959,0.08484904560496509],[1,77.95069676137226,-179.10061035975153,-16.61682708944771]],[2,"Bone022",33,[[3,"Bone023",-51,[0,"4eDXRjFU5ElqcTYw2irirK",1,0],[1,0.029774010181427,0,2.38418573772492e-9],[1,-2.3854160584915918e-15,-0.0000017075470889476864,-3.180554645918051e-15]]],[0,"953fB/I6dMPrh1s3Eruk4n",1,0],[1,0.018662927672267,-8.88178399847791e-18,8.88178399847791e-18],[3,0.006441955847153302,-0.10027538871140214,-0.16762491870304677,0.9807166941851441],[1,-1.273653090396797,-11.892343449241363,-19.273452270177014]],[1,"Bip001 L Thigh",4,[-52],[0,"3f+p7b0xJE77A86KUaucDP",1,0],[1,-0.00958945695310831,-0.000383269769372419,0.0116509366780519],[3,0.8769966381717124,0.46893000697953663,0.03434293724120368,0.0990055950506495],[1,165.3375689764141,3.346130387925535,56.02693553231327]],[1,"Bip001 L Calf",35,[-53],[0,"8c9zYyNslEuILU1ZUK8OU5",1,0],[1,0.0132715031504631,-1.19209286886246e-9,-2.22044599961948e-18],[3,-1.5360988401923633e-17,2.1866076355274997e-18,-0.5687997186135709,0.8224760665849934],[1,-3.698236848830594e-15,-2.2529400870488235e-15,-69.33313765261033]],[1,"Bip001 L HorseLink",36,[-54],[0,"07E+dGzGBDX7jM8Xz2PfwA",1,0],[1,0.0101194018498063,0,-1.19209286886246e-9],[3,9.354681603560708e-9,-3.350875456926306e-10,0.5105400156215812,0.8598539948439593],[1,0.000001966458648820218,-0.0000012122453809709832,61.39961321541342]],[1,"Bip001 L Foot",37,[-55],[0,"08LVFRKv5GOqcismv3cAJ3",1,0],[1,0.0147030148655176,1.19209286886246e-9,1.19209286886246e-9],[3,-0.06803081211334666,0.011454819746583857,-0.19067247286791505,0.9792265334426995],[1,-7.99057352514066,-0.2169059889752445,-22.023178739296412]],[2,"Bip001 L Toe0",38,[[17,"Bip001 L Toe0Nub",-56,[0,"ddYows87ZHa4m4xP4nLFCf",1,0],[1,0.0034551452845335,-1.49011608607807e-10,-1.19209286886246e-9],[3,2.56113752428178e-9,1.86264514923096e-9,1,7.45058148510225e-9],[1,-1,-1,-1],[1,-179.9999997865566,-179.99999970651527,8.537737485760019e-7]]],[0,"16q6U3dftDSqStSR+wh2+c",1,0],[1,0.00487962458282709,0.00614887941628695,1.19209286886246e-9],[3,9.466577017756938e-9,1.8192292428539633e-8,0.7071067811865474,0.7071067811865474],[1,0,0.0000015341244745040012,90]],[1,"Bip001 R Thigh",4,[-57],[0,"19puhrhCxDuorAAWAAc+QD",1,0],[1,-0.00969025865197182,-0.000385210500098765,-0.0115671688690782],[3,0.7655119277784564,0.6363546233876024,-0.09452746781234232,-0.010432619571364063],[1,151.21352589057676,37.35015715170362,77.48688729826014]],[1,"Bip001 R Calf",40,[-58],[0,"bfXCqZXkdHdJHE/RZgKzy1",1,0],[1,0.013271507807076,-2.38418573772492e-9,1.19209286886246e-9],[3,-1.0886166485215097e-17,-2.64577320217632e-17,-0.5934358122205314,0.8048813184402767],[1,-9.48110323183868e-15,-1.0757187127390968e-14,-72.80240969412549]],[1,"Bip001 R HorseLink",41,[-59],[0,"73spo5apJBV4Fn25uXUyxW",1,0],[1,0.0101194037124515,-4.44089199923895e-18,0],[3,8.207536087553196e-9,-2.3898894275909767e-9,0.6997583596622248,0.7143796176283536],[1,0.00004176344711756558,-0.0000412920269228363,88.81524075289008]],[1,"Bip001 R Foot",42,[-60],[0,"a3OD5n6x5Lcr53AHgU0vZW",1,0],[1,0.0147030111402273,-2.38418573772492e-9,1.19209286886246e-9],[3,0.03577279697118504,-0.076395579218279,-0.20999352781247457,0.9740568467751939],[1,2.36827173841831,-8.455004508546715,-24.491423915456924]],[2,"Bip001 R Toe0",43,[[7,"Bip001 R Toe0Nub",-61,[0,"2cBfWHLCRO3pWtHrxzocyc",1,0],[1,0.0034551452845335,-1.11022299980974e-18,0]]],[0,"be1hfurElI67GYzx3uY6YQ",1,0],[1,0.00487962365150452,0.00614887941628695,1.19209286886246e-9],[3,-1.5805067747496018e-8,-1.5805067747496018e-8,0.7071067811865472,0.7071067811865472],[1,0,-0.0000025613208667870398,90]],[1,"Bone039",3,[-62],[0,"45uUuNerVO0bjNVm5i0nOi",1,0],[1,0.00143410917371511,2.00000016548074e-8,-0.00834856275469065],[3,0.6253154875142488,0.4297189713414014,-0.29421707993876184,0.5811699033986648],[1,87.3797937596444,62.18922649007153,11.270406823768848]],[1,"Bone040",45,[-63],[0,"c5Y0Kw5Y9K26CUstMst7J6",1,0],[1,0.015016769990325,8.88178399847791e-18,2.98023217215615e-10],[3,0.024812163973885037,0.1452584128703075,-0.1664634508639075,0.9749739840302467],[1,5.85536231937843,17.9026586646075,-18.50495798433479]],[1,"Bone041",46,[-64],[0,"94A7+n9oVFKrIu0IULEgl8",1,0],[1,0.0169924069195986,8.88178399847791e-18,2.22044599961948e-18],[3,-0.0021954702351962988,-0.015776645157121967,-0.14393278741966656,0.9894592614573062],[1,-0.5311397182486175,-1.9041981654328197,-16.544621801487935]],[1,"Bone042",47,[-65],[0,"19egDMmORG+Jf5l2HzEnjg",1,0],[1,0.0201929416507483,-2.38418573772492e-9,2.22044599961948e-18],[3,-0.005033247685222495,-0.05417169680820551,-0.06486081392185147,0.9964101407051486],[1,-0.9855744331904946,-6.28755011986952,-7.395090701020957]],[1,"Bone043",48,[-66],[0,"485TlWrvJNkZcmmfYxhMta",1,0],[1,0.0222106166183949,4.76837147544984e-9,-5.9604643443123e-10],[3,-0.009261122806254702,-0.1316443071674195,0.012850537759530824,0.9911704554081848],[1,-0.8583881725668546,-15.119168786338623,1.5994758942325176]],[1,"Bone044",49,[-6