[1,["32PgBPq3pIkZ+bzrF2haqB","41CJyIkGBDlalZMh8rWqlv@6c48a","59O95Sk4BKQI7RChYb9+eR@6c48a","6dFd+lLTRNp6VOoN4rLzmw@1f586","15XSp4qHxJDJwYohGaz0PN","6dFd+lLTRNp6VOoN4rLzmw@b2060","6dFd+lLTRNp6VOoN4rLzmw@438fe","a7YStUNeNCOKGpSntUY1g5"],["_parent","node","target","_particleSystem","_mainTexture","root","data","_mesh","_skeleton","_defaultClip","mainTexture","shadeMap1","shadeMap2","_effectAsset"],[["cc.Node",["_name","_prefab","_lpos","_euler","_parent","_lrot","_children","_components","_lscale"],2,4,5,5,1,5,2,9,5],["cc.Node",["_name","_parent","_prefab","_lrot","_euler","_children","_lpos","_lscale","_components"],2,1,4,5,5,9,5,5,2],["cc.CurveRange",["mode","constantMin","constantMax","constant","spline"],-1,1],["cc.RealKeyframeValue",["interpolationMode","value","leftTangent"],0],["cc.GradientRange",["color"],3,5],["cc.Prefab",["_name"],2],["cc.Node",["_name","_parent","_children","_prefab","_lpos","_lrot","_euler"],2,1,12,4,5,5,5],["cc.SkeletalAnimation",["playOnLoad","node","__prefab","_clips","_sockets","_defaultClip"],2,1,4,3,9,6],["cc.CompPrefabInfo",["fileId"],2],["cc.SkeletalAnimation.Socket",["path","target"],2,1],["cc.CapsuleCollider",["_radius","_cylinderHeight","node","__prefab","_center"],1,1,4,5],["cc.RigidBody",["_group","_type","node","__prefab"],1,1,4],["a3c3eSoUrFKl5IFTQQGWnRd",["colliderName","node","__prefab"],2,1,4],["cc.PrefabInfo",["fileId","root","asset"],2,1,1],["cc.RealCurve",["preExtrapolation","_times","_values"],1,9],["cc.SkinnedMeshRenderer",["_shadowCastingMode","node","__prefab","_materials","lightmapSettings","_skinningRoot","_mesh","_skeleton"],2,1,4,3,4,1,6,6],["cc.ModelLightmapSettings",[],3],["cc.ParticleSystem",["scaleSpace","_simulationSpace","node","__prefab","_materials","startColor","startSizeX","startSizeY","startSizeZ","startSpeed","startRotationX","startRotationY","startRotationZ","startDelay","startLifetime","gravityModifier","rateOverTime","rateOverDistance","_colorOverLifetimeModule","_shapeModule","_sizeOvertimeModule","_velocityOvertimeModule","_forceOvertimeModule","_limitVelocityOvertimeModule","_rotationOvertimeModule","_textureAnimationModule","_trailModule","renderer"],1,1,4,3,4,4,4,4,4,4,4,4,4,4,4,4,4,4,4,4,4,4,4,4,4,4,4],["cc.ColorOvertimeModule",["color"],3,4],["cc.ShapeModule",["_enable","_shapeType","radius","arcSpeed"],0,4],["cc.SizeOvertimeModule",["_enable","size","x","y","z"],2,4,4,4,4],["cc.VelocityOvertimeModule",["x","y","z","speedModifier"],3,4,4,4,4],["cc.ForceOvertimeModule",["x","y","z"],3,4,4,4],["cc.LimitVelocityOvertimeModule",["limitX","limitY","limitZ","limit"],3,4,4,4,4],["cc.RotationOvertimeModule",["x","y","z"],3,4,4,4],["cc.TextureAnimationModule",["frameOverTime","startFrame"],3,4,4],["cc.TrailModule",["lifeTime","widthRatio","colorOverTrail","colorOvertime","_particleSystem"],3,4,4,4,4,1],["cc.ParticleSystemRenderer",["_mainTexture"],3,6],["cc.Material",["_states","_defines","_props"],1,12],["cc.Skeleton",["_name","_hash","_joints","_bindposes"],0,12],["cc.Mesh",["_native","_hash","_struct"],1,11]],[[2,1],[13,0,1,2,2],[0,0,4,6,1,2,5,3,2],[2,3,2],[4,1],[2,0,1,2,4],[1,0,1,5,2,6,3,4,2],[8,0,2],[0,0,4,1,2,2],[0,0,4,1,2,3,2],[1,0,1,8,2,3,4,2],[9,0,1,2],[17,0,1,2,3,4,5,6,7,8,9,10,11,12,13,14,15,16,17,18,19,20,21,22,23,24,25,26,27,3],[4,0,1],[2,0,4,2],[18,0,1],[19,0,1,2,3,4],[20,0,1,2,3,4,2],[21,0,1,2,3,1],[22,0,1,2,1],[23,0,1,2,3,1],[24,0,1,2,1],[25,0,1,1],[26,0,1,2,3,4,1],[27,0,1],[0,0,6,1,2,5,3,2],[0,0,4,1,2,5,8,3,2],[1,0,1,5,2,6,3,7,4,2],[6,0,1,2,3,4,5,6,2],[5,0,2],[0,0,6,7,1,2,5,8,3,2],[0,0,4,6,1,2],[0,0,4,1,2,5,3,2],[0,0,4,7,1,2,5,3,2],[0,0,4,6,1,5,3,2],[1,0,1,5,2,3,4,2],[7,0,1,2,3,4,5,2],[10,0,1,2,3,4,3],[11,0,1,2,3,3],[12,0,1,2,2],[14,0,1,2,3],[3,0,1,3],[3,0,2,3],[15,0,1,2,3,4,5,6,7,2],[16,1],[28,0,1,2,3],[29,0,1,2,3,4],[30,0,1,2,3]],[[[[29,"businessMan"],[30,"businessMan",[-9,-10,-11,-12],[[36,true,-5,[7,"bbnO9TOhVSLYSnioSo7iZP"],[9],[[11,"RootNode/Dummy004/Dummy003",-2],[11,"RootNode/Dummy004/Dummy002",-3],[11,"RootNode/Dummy004/Dummy001",-4]],10],[37,0.15,0.15,-6,[7,"21TMOqpm1F5ZOSBwy0UNId"],[1,0,0.2,0]],[38,4,2,-7,[7,"f07/kokD5IpZx330Qu61Dk"]],[39,4,-8,[7,"8ft0dkmAFJ67bG7JVAT/L4"]]],[1,"0fWIvZAd1NxI8Bry+SmBYT",-1,0],[1,0,1.7,0],[3,0,-0.7071067811865475,0,0.7071067811865476],[1,4,4,4],[1,0,-90,0]],[31,"RootNode",1,[-13,-14,-15],[1,"42XR8h1t1DK7M7RT+RRPj1",1,0]],[25,"Bip001 Spine",[-16,-17,-18],[1,"d0+fyxnLRBhrujDug/jVQx",1,0],[1,0.0243086330592632,-0.0000225412841245998,-0.00000166207553320419],[3,0.03765019359556703,-0.004808558562697623,0.054717711488822554,0.9977801925956393],[1,4.365091356122737,-0.7905916417222304,6.2478982929129465]],[25,"Bip001 Neck",[-19,-20,-21],[1,"5fpYL2blNLo4SQ6JdBM9U3",1,0],[1,0.035212192684412,-0.00064572092378512,-7.23600351193454e-7],[3,0.05894269455439611,0.02577283434422856,0.31414324225019025,0.9471935088022249],[1,6.841779895829895,0.8430251959453584,36.73730985830327]],[35,"Dummy004",2,[[8,"Dummy003",-22,[1,"dfQC02mIBNgKyXc3vE1xrT",1,0],[1,-0.168207615613937,0.00780067406594753,0.0499999970197678]],[8,"Dummy002",-23,[1,"24zQcDddtLQbzoAhHkYdb9",1,0],[1,-0.000126359460409731,-0.147445365786552,0.0999999940395355]],[8,"Dummy001",-24,[1,"85r+8ywmpEcbkYUysqgqPK",1,0],[1,0.149911716580391,0.0074741980060935,0.0499999970197678]]],[1,"28q6vbhvFG87zRsIAFWw6x",1,0],[3,-0.7010573868579482,-0.09229593887005533,-0.09229593887005533,0.7010573868579482],[1,-89.99999999999997,-14.999997258657823,0]],[28,"Bip001",2,[[[32,"Bip001 Footsteps",-25,[1,"22tG5Bpy9C2L6moerwdNYr",1,0],[1,-0.00606131367385387,-0.00180109136272222,-0.104532994329929],[3,0.017949251215353706,0.024291874512400738,0.7983734499747002,0.601404658768933],[1,-176.42715574517743,179.88413788681882,73.97951100031946]],-26],4,1],[1,"d6whEIjZxOGYsHRhsbPZA1",1,0],[1,0,0.104959353804588,-0.000683205726090819],[3,0.43794936504583826,0.5817121938131484,0.5473583410995722,-0.4125652962305069],[1,-89.01290074889917,-106.04807887877303,3.318068704775527]],[2,"Bip001 Spine1",3,[4,-27],[1,"76oxhWxmZKwpZbisX6snES",1,0],[1,0.0285605415701866,-0.000027500391297508,6.43730118099484e-8],[3,-0.0011447773095593905,0.00011797924052214486,-0.09757957817402325,0.9952270602677512],[1,-0.13174549312099432,0.0006669321440028679,-11.199625741618014]],[2,"Bip001 L Clavicle",4,[-28,-29],[1,"39szz3y/RCmqp9UgrDri+k",1,0],[1,-0.00613174447789788,0.00101565360091627,0.00697870599105954],[3,0.5801904251832374,-0.20756407262118612,0.75232756790405,0.233022438520796],[1,144.10868949653084,-102.67881305929068,6.301770978730173]],[2,"Bip001 R Clavicle",4,[-30,-31],[1,"caQ2+WEbdPVpOeDFrlA2pv",1,0],[1,-0.0059637832455337,-0.000805549614597112,-0.00714816292747855],[3,-0.5984717713550084,0.2620140658555482,0.7316218744224967,0.19470388042243914],[1,-141.92486333724392,102.00105071465157,-1.6455781431433936]],[28,"Bip001 Head",4,[[[8,"Bip001 HeadNub",-32,[1,"0aCkLGKaJMabz1FgStt9ej",1,0],[1,0.161575078964233,-2.22044599961948e-18,0]],-33],4,1],[1,"a3wNSqOuxEfqoqPZwoUXrr",1,0],[1,0.00987361930310726,-0.0186434928327799,-2.62260435590633e-8],[3,0.014505366826843103,-0.04708182077090977,-0.24595053548367685,0.9680295607993629],[1,0.32108209041317454,-5.487354705068461,-28.52490118563215]],[2,"Bip001 L Thigh",3,[-34,-35],[1,"13Dj2E5xxA2pLAQK4GfDVx",1,0],[1,-0.0239046476781368,0.00407179119065404,0.0186591669917107],[3,0.09146185305218815,0.9946327898967606,-0.006083987710416211,-0.04799299732237891],[1,0.19368288119955687,-174.49284187487265,10.516920669567412]],[2,"Bip001 R Thigh",3,[-36,-37],[1,"0bFV4l835FsZYAQnttGKql",1,0],[1,-0.0244142804294825,0.00129939371254295,-0.0183930583298206],[3,0.018114445278435514,0.992955004200758,-0.10207061959578924,0.05739176875004697],[1,11.820284108167526,173.240189764881,1.3899962418366927]],[2,"Dummy003 Socket",1,[-38],[1,"84SsURixJEEaM0VECmeWbs",1,0],[1,-0.16045711953057823,0.04999999701976778,-0.051070199317790554],[3,-0.701057386857948,-0.09229593887005529,-0.09229593887005531,0.7010573868579485],[1,-89.99999999999996,-14.999997258657821,-7.951386703658792e-15]],[40,2,[0,1],[[41,2,1],[42,2,-2.44]]],[2,"Dummy002 Socket",1,[-39],[1,"ad/jNvtQxHVZ7YVyvBldKz",1,0],[1,-0.038283715831227576,0.09999999403953538,0.14238858437668792],[3,-0.701057386857948,-0.09229593887005529,-0.09229593887005531,0.7010573868579485],[1,-89.99999999999996,-14.999997258657821,-7.951386703658792e-15]],[2,"Dummy001 Socket",1,[-40],[1,"33oUQgPftGCZk2Yx1szMSO",1,0],[1,0.1467380650101534,0.04999999701976778,0.03158047942938433],[3,-0.701057386857948,-0.09229593887005529,-0.09229593887005531,0.7010573868579485],[1,-89.99999999999996,-14.999997258657821,-7.951386703658792e-15]],[33,"businessMan",2,[[43,1,-41,[7,"edUEt63UlY8ZkuDJfHVgTZ"],[0],[44],1,1,2]],[1,"d6YYF6g7RLLYV2gidAw8IU",1,0],[1,0,0,-0.00775547185912728],[3,-0.7071067811865476,0,0,0.7071067811865476],[1,-90.00000000000003,0,0]],[34,"Bip001 Pelvis",6,[3],[1,"12SBrCqO1NfpiZNVvY1tRF",1,0],[3,-0.4999999925491744,-0.4999999925491744,-0.4999993070957696,0.5000007078049007],[1,-89.9999197452773,-89.9999197452773,-0.0000017074910412130916]],[2,"Bip001 L UpperArm",8,[-42],[1,"8byXKMp4ZE4qzQszONy95E",1,0],[1,0.0216016210615635,-4.44089199923895e-18,-3.55271359939116e-17],[3,0.49279581888108864,0.2480978487895758,-0.4823980569501254,0.6803615604735804],[1,86.92453955644164,63.15604977717031,-24.323429972489972]],[2,"Bip001 L Forearm",19,[-43],[1,"4cUtEoFjNJxbLFIiamcgjI",1,0],[1,0.0833836570382118,-4.76837147544984e-9,0],[3,1.0432804415887133e-17,2.5720197700926432e-17,-0.3758813926385483,0.9266677822543014],[1,3.0883778245531895e-15,4.433283847101537e-15,-44.15759751691063]],[2,"Bip001 L Hand",20,[-44],[1,"8dyzT3hdxD5ZI4I8qWpv8Z",1,0],[1,0.0579878352582455,2.38418573772492e-9,0],[3,-0.7062054806727155,0.06684811351016619,-0.029653902820677175,0.7042199903690982],[1,-89.95437254511512,3.024305471803156,-7.827018178328295]],[6,"Bip001 L Finger0",21,[[9,"Bip001 L Finger0Nub",-45,[1,"4duOXEQp5IEINgJgVHxv3j",1,0],[1,0.00295938481576741,-1.77635679969558e-17,-2.38418573772492e-9],[1,-8.537735444738441e-7,0.0000034150941778953715,-3.1805546814638725e-15]]],[1,"74M9+kBP9KAbsy6GZHfdB9",1,0],[1,0.0118375392630696,0,2.38418573772492e-9],[3,-0.0003975363790594184,0.000022266754929132418,0.055889759115528216,0.9984368664542727],[1,-0.04591254888878356,0.005125634828796539,6.407832043265873]],[27,"Bone012",8,[[9,"Bone013",-46,[1,"45nzRnlS9DqJMudBVLKy93",1,0],[1,0.0434933453798294,-2.8610228852699e-8,9.53674295089968e-9],[1,-2.512638198356198e-13,-0.0000017075472925032112,-0.000008537736462515922]]],[1,"76Wl0vXWVDE5r45slmAaQh",1,0],[1,0.0191940609365702,-0.00221993192099035,0.00723699573427439],[3,0.3557927001296189,0.6218082289287339,0.6805680372849773,-0.15360087108171067],[1,-1,-1,-1],[1,-100.6390720647934,-136.01392002502647,13.497207432186249]],[2,"Bip001 R UpperArm",9,[-47],[1,"30cFMRYmxL+K/Oac2iQe/V",1,0],[1,0.0216016191989183,-2.38418573772492e-9,-1.90734859017994e-8],[3,-0.15352888537944465,-0.4782014232458709,-0.018264912226619932,0.8645337894733337],[1,-16.548598715642363,-56.933261883567184,6.618286864003173]],[2,"Bip001 R Forearm",24,[-48],[1,"f50GGadeFKCa7SK06cSimP",1,0],[1,0.0833836570382118,-2.38418573772492e-9,0],[3,-4.267228335479142e-18,2.271110569686153e-17,-0.1385445002219529,0.9903562093803671],[1,-1.28649178337954e-16,2.609846183033196e-15,-15.927262997871473]],[2,"Bip001 R Hand",25,[-49],[1,"32h55SuJRKkJS9XCIA/KkG",1,0],[1,0.0579878687858582,-2.22044599961948e-18,-9.53674295089968e-9],[3,0.7062509737977712,-0.02850802462130134,0.028485343191055813,0.7068135820463405],[1,89.95437568302837,-4.619336642016247,8.373027124709064e-7]],[6,"Bip001 R Finger0",26,[[26,"Bip001 R Finger0Nub",-50,[1,"4cDXpysr9AMrL4K1wOJs3D",1,0],[1,0.00295938481576741,8.88178399847791e-18,-5.9604643443123e-10],[3,7.45058059692383e-9,3.72529029846191e-9,1,7.45058059692383e-9],[1,-1,-1,-1],[1,-179.9999995731132,-179.99999914622634,8.537736494321487e-7]]],[1,"7cnFyXrWNODLaSu2OYOmrD",1,0],[1,0.0118375392630696,-8.88178399847791e-18,-5.9604643443123e-10],[3,0.00039813927431029653,-0.000003869749519343513,0.009742918637490218,0.9999524573731327],[1,0.04563421992987714,-0.0008880932272858198,1.1164736349563555]],[6,"Bone010",9,[[9,"Bone011",-51,[1,"6cb3M0RHhHvYm/273SXYC4",1,0],[1,0.0434933565557003,-1.90734859017994e-8,1.19209282445354e-8],[1,-6.403302346886956e-7,3.3898800369025594e-29,-0.000008537736462515927]]],[1,"e5bllRxI9L/qWfKwr8Q6Sm",1,0],[1,0.0191181302070618,-0.00221986044198275,-0.00722496025264263],[3,0.5834050105897698,-0.22581073360657314,0.264345284985745,0.734009316366364],[1,79.57606695677829,-40.16268113422219,7.1568240120347655]],[2,"Bone001",10,[-52],[1,"4bq2CRgSxPkLnyEKZQNr7T",1,0],[1,0.115278244018555,-0.0435046665370464,-1.49011608607807e-10],[3,0.7828798779433845,-0.6221728832976617,-4.27917194291046e-7,-4.923459685840324e-7],[1,-179.99966927748804,0.0003254679094977566,-76.94996825694423]],[2,"Bone002",29,[-53],[1,"486fzinoxMuowVH0W+/RpB",1,0],[1,0.0414225459098816,-3.55271359939116e-17,5.06639485919891e-9],[3,0.0012915337330230863,-0.003895989488215742,0.31463406312453834,0.9492041716766042],[1,0.35030251032273824,-0.5864468322080884,36.67633000343281]],[2,"Bone003",30,[-54],[1,"86Y6vHqOdC/rAi/Nj87R7Y",1,0],[1,0.0373367108404636,7.10542719878232e-17,5.66244118260784e-9],[3,0.0004704673360658673,-0.0035203012184271544,0.13083472506316726,0.9913978317796861],[1,0.10999167167544253,-0.4214105098081493,15.035365799052924]],[6,"Bone004",31,[[9,"Bone005",-55,[1,"3agUW89LxMNIsTHQcDymRl",1,0],[1,0.0431145839393139,7.10542719878232e-17,5.96046412226769e-9],[1,1.0672174792379858e-7,1.600825570819015e-7,-0.000011952831047373231]]],[1,"a02mXdwp5EuZ4xWNWBT7hf",1,0],[1,0.0294651780277491,0,4.17232515204091e-9],[3,0.0002187750799724187,-0.0020431391920069267,0.10335873825211565,0.9946420205011636],[1,0.0502071963947047,-0.24060463809300076,11.865151325012345]],[6,"Bone014",7,[[9,"Bone015",-56,[1,"ff92+QWodCupEx8otiFobS",1,0],[1,0.043273039162159,9.53674295089968e-9,7.45058015283462e-10],[1,-3.735259698375025e-7,2.6680427240501008e-8,-0.0000017075472925901613]]],[1,"f7Yiyb1MtMs4461mPZ8U05",1,0],[1,0.0406296141445637,-0.0150630259886384,-2.98023217215615e-10],[3,-0.2684464138936508,0.9632946189339852,5.648133727912517e-7,3.8449726704487366e-7],[1,-0.00008666583852503992,179.99993010936268,-31.143680644833932]],[2,"Bip001 L Calf",11,[-57],[1,"f9Gzc3JoZHQoRiSDq5s46e",1,0],[1,0.0393110178411007,1.19209286886246e-9,-4.76837147544984e-9],[3,-1.5026779409385666e-17,-6.482323155143491e-18,-0.15075623668493301,0.9885709671544053],[1,-1.9006399958715987e-15,-1.0412533684786972e-15,-17.341508225499]],[2,"Bip001 L Foot",34,[-58],[1,"3bz5QYU0FByZ1mfjoLYit4",1,0],[1,0.056392714381218,1.78813930329369e-9,2.38418573772492e-9],[3,-0.18771091227525522,-0.05691258646882216,0.061446074802186015,0.9786470001004574],[1,-21.35107489165083,-5.119078042320138,8.142424910902944]],[6,"Bip001 L Toe0",35,[[26,"Bip001 L Toe0Nub",-59,[1,"32jVBK/ZhD1LkhfIyz/79j",1,0],[1,0.0014205074403435,7.45058043039037e-11,2.38418573772492e-9],[3,-3.49246032094186e-9,-3.72529029846191e-9,1,-7.42427686990844e-17],[1,-1,-1,-1],[1,179.99999957311317,179.99999959979354,-7.016709320347248e-15]]],[1,"faN4UhkbhNPrd95749FgRX",1,0],[1,0.0102363247424364,0.0301522240042686,-2.38418573772492e-9],[3,0.01832678537930152,0.018326893412720008,0.7068692431827474,0.7068692431827474],[1,0,2.9703153187951643,90]],[27,"Bone008",11,[[8,"Bone009",-60,[1,"2bgJECXfZK3ZVDhg5c1XQs",1,0],[1,0.0671918243169785,1.19209282445354e-8,3.57627860658738e-9]]],[1,"5b78sP5oVKCokodPrKHjXr",1,0],[1,0.0394488200545311,-0.00154326076153666,0.00386850582435727],[3,-0.04694704436079426,0.7083168772439381,-0.7036591913908501,-0.030772045891628644],[1,-1,-1,-1],[1,89.69513533756678,-173.7024572181517,-1.3294215814702233]],[2,"Bip001 R Calf",12,[-61],[1,"78UeUjJNdNubVx79IDdGhw",1,0],[1,0.039311021566391,-2.98023217215615e-10,0],[3,-2.641408064189541e-17,1.6286845508338892e-17,-0.08876935417462166,0.9960522083502554],[1,-2.8948305491191453e-15,1.615741390498124e-15,-10.185625795725159]],[2,"Bip001 R Foot",38,[-62],[1,"ddTFP4TVBNn5VVeSMIDt3f",1,0],[1,0.056392714381218,-4.44089199923895e-18,-2.38418573772492e-9],[3,0.013802827744440374,0.048002572288354035,0.08874047810239422,0.9948016699554324],[1,1.1029895998456443,5.42625441360354,10.246503526919156]],[6,"Bip001 R Toe0",39,[[8,"Bip001 R Toe0Nub",-63,[1,"f5FeyEA+hAJo9/q5M4Y91I",1,0],[1,0.00142050383146852,0,-4.44089199923895e-18]]],[1,"89lEICw81CnbAd3HY2ZiYF",1,0],[1,0.0102363275364041,0.0301522277295589,-2.38418573772492e-9],[3,-0.1166637300261378,0.11633418340029834,0.6914511227642638,0.7033855818091618],[1,-87.08133428886941,87.05426068175807,71.00897129503142]],[6,"Bone006",12,[[9,"Bone007",-64,[1,"a0LtNXj19IxbriPqGcf35X",1,0],[1,0.0671918317675591,7.15255721317476e-9,3.65078434150234e-9],[1,-0.0000013340213246535337,-3.2016512728358165e-7,-8.537736425243816e-7]]],[1,"09W9Lty4tPKL6qsQOUZy0i",1,0],[1,0.0393859967589378,-0.00155102252028883,-0.00467281090095639],[3,-0.7083159002782489,-0.04694685655253506,-0.030772178990209266,0.7036601815315713],[1,-90.30470695723504,-6.297540218581169,1.329386848810071]],[10,"Particle",13,[-65],[1,"85GDfMXcdMf78gNTd+WbGu",1,0],[3,0.7071067811865474,-8.831770080096236e-17,1.1185948538591254e-17,0.7071067811865477],[1,89.99999999999997,-8.062628311581785e-15,-6.249867755004042e-15]],[12,0,0,42,[7,"0b7a7v3FVOCpzmec7amMlB"],[3],[13,[4,4294946906]],[5,3,0.01,0.015],[0],[0],[5,3,0.02,0.04],[0],[0],[0],[0],[5,3,1,0.5],[0],[3,10],[0],[15,[4]],[16,true,3,0.05,[3,1]],[17,true,[14,1,14],[0],[0],[0]],[18,[0],[0],[0],[3,1]],[19,[0],[0],[0]],[20,[0],[0],[0],[0]],[21,[0],[0],[0]],[22,[0],[0]],[23,[3,1],[0],[4],[4],-66],[24,4]],[10,"Particle-001",15,[-67],[1,"d0tujRMLFKn7HfuFdZgtke",1,0],[3,0.7071067811865474,-8.341116186757557e-17,6.279409605204456e-18,0.7071067811865477],[1,89.99999999999997,-7.267489641215905e-15,-6.2498677550040425e-15]],[12,0,0,44,[7,"0b7a7v3FVOCpzmec7amMlB"],[5],[13,[4,4284138751]],[5,3,0.01,0.015],[0],[0],[5,3,0.02,0.04],[0],[0],[0],[0],[5,3,1,0.5],[0],[3,10],[0],[15,[4]],[16,true,3,0.05,[3,1]],[17,true,[14,1,14],[0],[0],[0]],[18,[0],[0],[0],[3,1]],[19,[0],[0],[0]],[20,[0],[0],[0],[0]],[21,[0],[0],[0]],[22,[0],[0]],[23,[3,1],[0],[4],[4],-68],[24,6]],[10,"Particle-002",16,[-69],[1,"66DJf6OQZGZIy9ZB0xZvq2",1,0],[3,0.7071067811865474,-7.850462293418877e-17,1.3728706718176622e-18,0.7071067811865477],[1,89.99999999999997,-6.472350970850026e-15,-6.2498677550040425e-15]],[12,0,0,46,[7,"0b7a7v3FVOCpzmec7amMlB"],[7],[13,[4,4293438975]],[5,3,0.01,0.015],[0],[0],[5,3,0.02,0.04],[0],[0],[0],[0],[5,3,1,0.5],[0],[3,10],[0],[15,[4]],[16,true,3,0.05,[3,1]],[17,true,[14,1,14],[0],[0],[0]],[18,[0],[0],[0],[3,1]],[19,[0],[0],[0]],[20,[0],[0],[0],[0]],[21,[0],[0],[0]],[22,[0],[0]],[23,[3,1],[0],[4],[4],-70],[24,8]]],0,[0,5,1,0,2,13,0,2,15,0,2,16,0,1,1,0,1,1,0,1,1,0,1,1,0,-1,2,0,-2,13,0,-3,15,0,-4,16,0,-1,17,0,-2,6,0,-3,5,0,-1,7,0,-2,11,0,-3,12,0,-1,8,0,-2,9,0,-3,10,0,0,5,0,0,5,0,0,5,0,0,6,0,-2,18,0,-2,33,0,-1,19,0,-2,23,0,-1,24,0,-2,28,0,0,10,0,-2,29,0,-1,34,0,-2,37,0,-1,38,0,-2,41,0,-1,42,0,-1,44,0,-1,46,0,1,17,0,-1,20,0,-1,21,0,-1,22,0,0,22,0,0,23,0,-1,25,0,-1,26,0,-1,27,0,0,27,0,0,28,0,-1,30,0,-1,31,0,-1,32,0,0,32,0,0,33,0,-1,35,0,-1,36,0,0,36,0,0,37,0,-1,39,0,-1,40,0,0,40,0,0,41,0,-1,43,0,3,43,0,-1,45,0,3,45,0,-1,47,0,3,47,0,6,1,3,0,18,4,0,7,70],[0,0,0,0,0,0,0,0,0,0,0],[-1,7,8,-1,4,-1,4,-1,4,-1,9],[4,5,6,0,1,0,1,0,1,3,3]],[[[45,[{"rasterizerState":{},"depthStencilState":{},"blendState":{"targets":[{}]}},{"rasterizerState":{},"depthStencilState":{},"blendState":{"targets":[{}]}},{},{}],[{},{"USE_BASE_COLOR_MAP":true,"USE_1ST_SHADE_MAP":true,"USE_2ND_SHADE_MAP":true},{},{}],[[{},[{},"mainColor",8,[4,4284769380],"shadeColor1",8,[4,4284769380],"shadeColor2",8,[4,4283453520],"mainTexture",6,0,"shadeMap1",6,1,"shadeMap2",6,2],{},{}],0,11,0,0]]],0,0,[0,0,0,0],[10,11,12,13],[2,2,2,7]],[[[46,"Skin-0",2338253385,["RootNode/Bip001/Bip001 Pelvis/Bip001 Spine","RootNode/Bip001/Bip001 Pelvis/Bip001 Spine/Bip001 Spine1","RootNode/Bip001/Bip001 Pelvis/Bip001 Spine/Bip001 Spine1/Bip001 Neck/Bip001 Head","RootNode/Bip001/Bip001 Pelvis/Bip001 Spine/Bip001 Spine1/Bip001 Neck/Bip001 L Clavicle/Bip001 L UpperArm","RootNode/Bip001/Bip001 Pelvis/Bip001 Spine/Bip001 Spine1/Bip001 Neck/Bip001 L Clavicle/Bone012","RootNode/Bip001/Bip001 Pelvis/Bip001 Spine/Bip001 Spine1/Bip001 Neck/Bip001 L Clavicle","RootNode/Bip001/Bip001 Pelvis/Bip001 Spine/Bip001 Spine1/Bip001 Neck/Bip001 R Clavicle","RootNode/Bip001/Bip001 Pelvis/Bip001 Spine/Bip001 Spine1/Bip001 Neck/Bip001 R Clavicle/Bone010","RootNode/Bip001/Bip001 Pelvis/Bip001 Spine/Bip001 Spine1/Bip001 Neck/Bip001 Head/Bone001","RootNode/Bip001/Bip001 Pelvis/Bip001 Spine/Bip001 Spine1/Bone014","RootNode/Bip001/Bip001 Pelvis/Bip001 Spine/Bip001 Spine1/Bip001 Neck/Bip001 L Clavicle/Bone012/Bone013","RootNode/Bip001/Bip001 Pelvis","RootNode/Bip001/Bip001 Pelvis/Bip001 Spine/Bip001 L Thigh","RootNode/Bip001/Bip001 Pelvis/Bip001 Spine/Bip001 L Thigh/Bone008","RootNode/Bip001/Bip001 Pelvis/Bip001 Spine/Bip001 L Thigh/Bip001 L Calf","RootNode/Bip001/Bip001 Pelvis/Bip001 Spine/Bip001 Spine1/Bip001 Neck/Bip001 L Clavicle/Bip001 L UpperArm/Bip001 L Forearm","RootNode/Bip001/Bip001 Pelvis/Bip001 Spine/Bip001 L Thigh/Bip001 L Calf/Bip001 L Foot","RootNode/Bip001/Bip001 Pelvis/Bip001 Spine/Bip001 L Thigh/Bone008/Bone009","RootNode/Dummy004/Dummy003","RootNode/Bip001/Bip001 Pelvis/Bip001 Spine/Bip001 Spine1/Bip001 Neck/Bip001 Head/Bone001/Bone002","RootNode/Bip001/Bip001 Pelvis/Bip001 Spine/Bip001 Spine1/Bip001 Neck/Bip001 Head/Bone001/Bone002/Bone003","RootNode/Bip001/Bip001 Pelvis/Bip001 Spine/Bip001 Spine1/Bip001 Neck/Bip001 Head/Bone001/Bone002/Bone003/Bone004","RootNode/Bip001/Bip001 Pelvis/Bip001 Spine/Bip001 Spine1/Bip001 Neck/Bip001 R Clavicle/Bip001 R UpperArm","RootNode/Bip001/Bip001 Pelvis/Bip001 Spine/Bip001 Spine1/Bip001 Neck/Bip001 R Clavicle/Bone010/Bone011","RootNode/Bip001/Bip001 Pelvis/Bip001 Spine/Bip001 R Thigh","RootNode/Bip001","RootNode/Bip001/Bip001 Pelvis/Bip001 Spine/Bip001 R Thigh/Bone006","RootNode/Bip001/Bip001 Pelvis/Bip001 Spine/Bip001 R Thigh/Bip001 R Calf","RootNode/Bip001/Bip001 Pelvis/Bip001 Spine/Bip001 Spine1/Bip001 Neck/Bip001 R Clavicle/Bip001 R UpperArm/Bip001 R Forearm","RootNode/Dummy004/Dummy002","RootNode/Bip001/Bip001 Pelvis/Bip001 Spine/Bip001 R Thigh/Bip001 R Calf/Bip001 R Foot","RootNode/Bip001/Bip001 Pelvis/Bip001 Spine/Bip001 R Thigh/Bone006/Bone007","RootNode/Bip001/Bip001 Pelvis/Bip001 Spine/Bip001 Spine1/Bip001 Neck/Bip001 Head/Bone001/Bone002/Bone003/Bone004/Bone005","RootNode/Dummy004/Dummy001"],[[[7,-1.0647184467416082e-7,-0.0000014068341442907695,1,0,0.07766520977020264,-0.9969795942306519,-0.0000013943156318418914,0,0.9969794750213623,0.07766521722078323,2.1541229955346353e-7,0,-0.12843063473701477,-0.01776104047894478,-3.8629995202654754e-8,1],[7,-3.768237775148009e-7,-0.0000014554992731063976,1,0,0.2748718559741974,-0.9614809155464172,-0.0000012958563502252218,0,0.9614809155464172,0.2748718857765198,7.623845590387646e-7,0,-0.1503038853406906,-0.04867655038833618,-1.2437723739822104e-7,1],[7,0.0000013430886838250444,-0.000001402693328600435,1,0,6.123234262925839e-17,-1,-0.000001402693328600435,0,1,1.8840029362976463e-12,-0.0000013430887975118821,0,-0.20055532455444336,0.02540080063045025,3.218925144210516e-7,1],[7,0.5439105033874512,0.06678243726491928,0.8364816904067993,0,-0.03837333992123604,0.9977648854255676,-0.0547071248292923,0,-0.8382655382156372,-0.002342813415452838,0.5452573895454407,0,0.13783997297286987,-0.0073792412877082825,-0.12306047230958939,1],[7,0.651297390460968,-0.7588226199150085,7.068329068715684e-7,0,5.960465045973251e-7,-4.198997203275212e-7,-1.0000001192092896,0,-0.7588226199150085,-0.651297390460968,-1.7881399116959074e-7,0,0.12681250274181366,0.14470428228378296,0.005859952419996262,1],[7,0.987688422203064,-0.0000013316181366462843,0.15643414855003357,0,-0.043117836117744446,0.9612618088722229,0.27224406599998474,0,-0.15037451684474945,-0.2756374478340149,0.9494269490242004,0,0.021211916580796242,0.04464885592460632,-0.17945615947246552,1],[7,-0.9876882433891296,-0.0000013004565744267893,0.15643489360809326,0,-0.04312054440379143,0.9612618088722229,-0.2722436487674713,0,-0.15037451684474945,-0.2756374478340149,-0.9494269490242004,0,0.02121189795434475,0.04464885592460632,0.17945615947246552,1],[7,-0.6512969732284546,0.7588229179382324,-4.70235050897827e-7,0,2.3841853646899835e-7,-4.15055581015622e-7,-1.0000001192092896,0,-0.7588227391242981,-0.6512970328330994,8.940700979565008e-8,0,0.12686258554458618,0.14464592933654785,0.005859905853867531,1],[7,8.69511183054783e-8,7.831023651760916e-8,-1,0,0.9741736650466919,0.2258005142211914,1.0238797187867021e-7,0,0.2258005291223526,-0.9741735458374023,-5.6654162250424633e-8,0,-0.13844141364097595,0.29211774468421936,5.496273303151611e-8,1],[7,4.26866790803615e-8,-1.8458358397310803e-7,-1,0,0.2620088756084442,-0.9650654196739197,1.893195360480604e-7,0,-0.9650653600692749,-0.262008935213089,7.167103355243398e-9,0,0.18079927563667297,0.06997920572757721,-1.6947852010673614e-9,1],[7,0.6512975096702576,-0.7588224411010742,7.06833077401825e-7,0,5.960466182841628e-7,-4.198996919058118e-7,-1.0000001192092896,0,-0.7588225603103638,-0.6512975096702576,-1.7881399116959074e-7,0,0.08331912010908127,0.14470431208610535,0.005859941244125366,1],[7,0.0000013867999086869531,0.0000027577068522077752,1,0,6.123234262925839e-17,-1,0.0000027577068522077752,0,1,-3.8243271396898315e-12,-0.0000013868001360606286,0,-0.10511773824691772,-0.00775547232478857,1.6716461459509446e-7,1],[7,0.07787416130304337,0.009563131257891655,-0.9969173073768616,0,0.022476796060800552,-0.9997166395187378,-0.007834210060536861,0,-0.9967098236083984,-0.02179742231965065,-0.07806703448295593,0,0.10349932312965393,-0.005639636889100075,0.026667844504117966,1],[7,0.18692933022975922,-0.9823731780052185,6.132752332632663e-7,0,1.7136332530753862e-7,-5.916714371778653e-7,-1,0,-0.9823732376098633,-0.18692931532859802,-5.774200317887335e-8,0,0.06105160713195801,0.029716478660702705,-0.005356258247047663,1],[7,0.07579982280731201,0.020254001021385193,-0.9969173073768616,0,0.16068832576274872,-0.9869740605354309,-0.007834179326891899,0,-0.9840903282165527,-0.15959914028644562,-0.07806703448295593,0,0.0643509030342102,0.0033026719465851784,0.026667844504117966,1],[7,0.5294238924980164,0.14145277440547943,0.8364816308021545,0,-0.1761612445116043,0.9828399419784546,-0.05470708757638931,0,-0.8298659920692444,-0.11839240044355392,0.5452574491500854,0,0.05495350807905197,0.00023224878532346338,-0.12306046485900879,1],[7,4.371138828673793e-8,0.000001370906943520822,-1,0,-6.123234262925839e-17,-1,-0.000001370906943520822,0,-1,5.998547741425247e-14,-4.371139183945161e-8,0,0.010440558195114136,0.0021897496189922094,0.025915520265698433,1],[7,0.1869293600320816,-0.9823731780052185,6.132752332632663e-7,0,1.7136332530753862e-7,-5.916714371778653e-7,-1,0,-0.9823733568191528,-0.18692931532859802,-5.774200317887335e-8,0,-0.006140222307294607,0.029716474935412407,-0.005356261506676674,1],[7,1,0,0,0,0,1,0,0,0,0,1,0,0.16820764541625977,-0.000045195818529464304,-0.04241505637764931,1],[7,1.1651152220792937e-7,-1.9022794450762603e-9,-1,0,0.9161574244499207,-0.40081876516342163,1.0750536461046067e-7,0,-0.40081876516342163,-0.9161573648452759,-4.495722194519658e-8,0,0.03024311177432537,0.3417150378227234,4.578928880505373e-8,1],[7,1.1198657290378833e-7,-3.2211080025490446e-8,-1,0,0.7799826860427856,-0.6258007884025574,1.0750535750503332e-7,0,-0.6258007884025574,-0.7799826860427856,-4.495722194519658e-8,0,0.08223693072795868,0.33174771070480347,4.002768960731373e-8,1],[7,1.0279970297233376e-7,-5.487051879526916e-8,-1,0,0.632224440574646,-0.7747852802276611,1.0750535750503332e-7,0,-0.7747852802276611,-0.632224440574646,-4.49572183924829e-8,0,0.12083671241998672,0.313432514667511,3.5638066719911876e-8,1],[7,-0.5439104437828064,-0.06678517162799835,0.8364814519882202,0,-0.03837483003735542,0.9977647066116333,0.05470941588282585,0,-0.8382655382156372,-0.0023428136482834816,-0.5452573895454407,0,0.13783995807170868,-0.007379242684692144,0.12306047976016998,1],[7,-0.6512971520423889,0.7588227391242981,-4.70235050897827e-7,0,2.3841863594498136e-7,-4.1505552417220315e-7,-1.0000001192092896,0,-0.7588226795196533,-0.6512972116470337,8.940700979565008e-8,0,0.08336920291185379,0.14464595913887024,0.005859894212335348,1],[7,-0.07787439227104187,-0.009560389444231987,-0.9969173073768616,0,0.02247658185660839,-0.9997166991233826,0.007831472903490067,0,-0.9967097043991089,-0.02179742231965065,0.07806721329689026,0,0.10349931567907333,-0.005639637354761362,-0.0266678836196661,1],[7,0.000001370906943520822,1,-6.123234262925839e-17,0,-1,0.000001370906943520822,6.123225660247469e-17,0,6.123234262925839e-17,6.123225660247469e-17,1,0,-0.00775547232478857,1.0632030367219159e-8,-0.10511773824691772,1],[7,-0.1869295835494995,0.9823731184005737,-7.162560677898e-7,0,2.2538013411121938e-7,-6.862215400360583e-7,-1,0,-0.9823734760284424,-0.18692950904369354,-9.313228588325728e-8,0,0.06120241433382034,0.02892393246293068,-0.005356256850063801,1],[7,-0.07580043375492096,-0.020251326262950897,-0.9969173073768616,0,0.160688117146492,-0.9869741797447205,0.007831448689103127,0,-0.984090268611908,-0.15959914028644562,0.07806721329689026,0,0.06435089558362961,0.003302670316770673,-0.0266678836196661,1],[7,-0.5294234156608582,-0.14145547151565552,0.8364814519882202,0,-0.1761627197265625,0.9828394651412964,0.054709386080503464,0,-0.8298659920692444,-0.11839240044355392,-0.5452574491500854,0,0.05495349317789078,0.0002322464424651116,0.12306047976016998,1],[7,1,0,0,0,0,1,0,0,0,0,1,0,0.0001263586600543931,0.09456156194210052,-0.09192386269569397,1],[7,4.371138828673793e-8,0.000001370906943520822,-1,0,-6.123234262925839e-17,-1,-0.000001370906943520822,0,-1,5.998547741425247e-14,-4.371139183945161e-8,0,0.010440560057759285,0.0021897493861615658,-0.025915557518601418,1],[7,-0.1869295835494995,0.9823731780052185,-7.162560677898e-7,0,2.253801483220741e-7,-6.862215968794771e-7,-1,0,-0.9823734760284424,-0.18692952394485474,-9.313228588325728e-8,0,-0.005989410914480686,0.02892392873764038,-0.005356260575354099,1],[7,1.0279971007776112e-7,-5.487050458441445e-8,-1,0,0.6322245597839355,-0.7747852802276611,1.0750535750503332e-7,0,-0.7747852802276611,-0.6322246193885803,-4.49572183924829e-8,0,0.07772205770015717,0.3134325444698334,2.971868973133951e-8,1],[7,1,0,0,0,0,1,0,0,0,0,1,0,-0.14991173148155212,0.00028127370751462877,-0.05905183032155037,1]],8,8,8,8,8,8,8,8,8,8,8,8,8,8,8,8,8,8,8,8,8,8,8,8,8,8,8,8,8,8,8,8,8,8]]],0,0,[],[],[]],[[[47,".bin",2993490922,[{"primitives":[{"primitiveMode":7,"jointMapIndex":0,"vertexBundelIndices":[0],"indexView":{"offset":112800,"length":7608,"count":3804,"stride":2}}],"vertexBundles":[{"view":{"offset":0,"length":112800,"count":1175,"stride":96},"attributes":[{"name":"a_position","format":32,"isNormalized":false},{"name":"a_normal","format":32,"isNormalized":false},{"name":"a_texCoord","format":21,"isNormalized":false},{"name":"a_tangent","format":44,"isNormalized":false},{"name":"a_joints","format":42,"isNormalized":false},{"name":"a_weights","format":44,"isNormalized":false},{"name":"a_color","format":44,"isNormalized":false},{"name":"a_texCoord1","format":21,"isNormalized":false}]}],"jointMaps":[[0,1,2,3,4,5,6,7,8,9,11,12,13,15,18,19,20,21,22,24,26,28,29,33]]},"minPosition",8,[1,-0.1911073476076126,-0.10221627354621887,0.00014875382476020604],"maxPosition",8,[1,0.1702287644147873,0.19417834281921387,0.39445433020591736]]],-1],0,0,[],[],[]]]]
