[1,["22HcnLG2dPopG/X0/8laSZ@6c48a","6dozWU8xRGep5jrxC9X6Px@1f586","cfjPDBBRJIYJG2UUrDUFdJ","6dozWU8xRGep5jrxC9X6Px@3fdb2","6dozWU8xRGep5jrxC9X6Px@438fe","6dozWU8xRGep5jrxC9X6Px@989ed","6dozWU8xRGep5jrxC9X6Px@79e35","6dozWU8xRGep5jrxC9X6Px@cf5ee","6dozWU8xRGep5jrxC9X6Px@b4251","a7YStUNeNCOKGpSntUY1g5"],["_parent","node","root","aniComPlayer","data","_mesh","_skeleton","_defaultClip","mainTexture","shadeMap1","shadeMap2","_effectAsset"],[["cc.Node",["_name","_prefab","_lpos","_parent","_euler","_lrot","_lscale","_children","_components"],2,4,5,1,5,5,5,2,9],["cc.Node",["_name","_children","_prefab","_lpos","_lrot","_euler"],2,12,4,5,5,5],["cc.Node",["_name","_parent","_children","_prefab","_lpos","_lrot","_euler","_lscale"],2,1,9,4,5,5,5,5],["cc.Mesh",["_native","_hash","_struct"],1,11],["cc.Skeleton",["_name","_hash","_joints","_bindposes"],0,12],["cc.Prefab",["_name"],2],["cc.Node",["_name","_parent","_children","_components","_prefab","_lrot","_euler"],2,1,2,12,4,5,5],["75fe4NpEqNMNZSSj5Z9vDnA",["node","__prefab"],3,1,4],["cc.CompPrefabInfo",["fileId"],2],["cc.CapsuleCollider",["_cylinderHeight","node","__prefab","_center"],2,1,4,5],["cc.RigidBody",["_group","_allowSleep","_linearDamping","_angularDamping","_useGravity","node","__prefab","_angularFactor"],-2,1,4,5],["661afbK8/hPNbWGsBzk8GsI",["node","__prefab"],3,1,4],["cc.PrefabInfo",["fileId","root","asset"],2,1,1],["15aa8oJcxdFKKBQnRjjhjLX",["node","__prefab","aniComPlayer"],3,1,4,1],["cc.SkinnedMeshRenderer",["_shadowCastingMode","node","__prefab","_materials","lightmapSettings","_skinningRoot","_mesh","_skeleton"],2,1,4,3,4,1,6,6],["cc.ModelLightmapSettings",[],3],["cc.SkeletalAnimation",["playOnLoad","node","__prefab","_clips"],2,1,4,3],["cc.Material",["_states","_defines","_props"],1,12]],[[12,0,1,2,2],[0,0,3,7,1,2,5,4,2],[2,0,1,2,3,4,5,6,2],[0,0,3,1,2,6,2],[0,0,3,1,2,5,4,2],[0,0,3,7,1,2,5,6,4,2],[8,0,2],[0,0,3,1,2,4,2],[2,0,1,2,3,4,5,7,6,2],[3,0,1,2,3],[4,0,1,2,3,4],[5,0,2],[0,0,7,8,1,2,5,6,4,2],[0,0,3,1,2,5,6,4,2],[0,0,3,1,2,2],[0,0,3,8,1,5,4,2],[1,0,1,2,2],[1,0,1,2,3,4,5,2],[6,0,1,2,3,4,5,6,2],[7,0,1,1],[9,0,1,2,3,2],[10,0,1,2,3,4,5,6,7,6],[11,0,1,1],[13,0,1,2,1],[14,0,1,2,3,4,5,6,7,2],[15,1],[16,0,1,2,3,2],[17,0,1,2,3]],[[[[9,".bin",3730267917,[{"primitives":[{"primitiveMode":7,"jointMapIndex":0,"vertexBundelIndices":[0],"indexView":{"offset":47232,"length":6120,"count":3060,"stride":2}}],"vertexBundles":[{"view":{"offset":0,"length":47232,"count":656,"stride":72},"attributes":[{"name":"a_position","format":32,"isNormalized":false},{"name":"a_normal","format":32,"isNormalized":false},{"name":"a_texCoord","format":21,"isNormalized":false},{"name":"a_tangent","format":44,"isNormalized":false},{"name":"a_joints","format":42,"isNormalized":false},{"name":"a_weights","format":44,"isNormalized":false}]}],"jointMaps":[[0,1,2,3,5,6,7,8,10,11,12,13,14,15,16,17,18,20,21,22,25,26,28,29,31,33,34,35,37]]},"minPosition",8,[1,-0.3345934748649597,-0.30447471141815186,-0.0019874381832778454],"maxPosition",8,[1,0.3345934748649597,0.21970534324645996,0.396932452917099]]],-1],0,0,[],[],[]],[[[10,"Skin-0",889803337,["RootNode/Bone009","RootNode/Bone019","RootNode/Bone009/Bone010","RootNode/Bone009/Bone010/Bone011","RootNode/Bone009/Bone010/Bone011/Bone012","RootNode/Bone005","RootNode/Bone022","RootNode/Bone005/Bone006","RootNode/Bone005/Bone006/Bone007","RootNode/Bone005/Bone006/Bone007/Bone008","RootNode/Bone001(mirrored)","RootNode/Bone001","RootNode/Bone001/Bone002","RootNode/Bone001(mirrored)/Bone002(mirrored)","RootNode/Bone001(mirrored)/Bone002(mirrored)/Bone003(mirrored)","RootNode/Bone001/Bone002/Bone003","RootNode/Bone009(mirrored)","RootNode/Bone009(mirrored)/Bone010(mirrored)","RootNode/Bone009(mirrored)/Bone010(mirrored)/Bone011(mirrored)","RootNode/Bone009(mirrored)/Bone010(mirrored)/Bone011(mirrored)/Bone012(mirrored)","RootNode/Bone005(mirrored)","RootNode/Bone005(mirrored)/Bone006(mirrored)","RootNode/Bone005(mirrored)/Bone006(mirrored)/Bone007(mirrored)","RootNode/Bone005(mirrored)/Bone006(mirrored)/Bone007(mirrored)/Bone008(mirrored)","RootNode/Bone022/Bone023","RootNode/Bone019/Bone020/Bone017","RootNode/Bone019/Bone020","RootNode/Bone019/Bone020/Bone021","RootNode/Bone013","RootNode/Bone013/Bone014","RootNode/Bone019/Bone020/Bone017/Bone018","RootNode/Bone013/Bone014/Bone015","RootNode/Bone013/Bone014/Bone015/Bone016","RootNode/Bone019/Bone020/Bone017(mirrored)","RootNode/Bone013(mirrored)","RootNode/Bone013(mirrored)/Bone014(mirrored)","RootNode/Bone019/Bone020/Bone017(mirrored)/Bone018(mirrored)","RootNode/Bone013(mirrored)/Bone014(mirrored)/Bone015(mirrored)"],[[[7,0.6678332090377808,0.05748078599572182,0.7420873045921326,0,-0.09397832304239273,0.9955472350120544,0.0074616833589971066,0,-0.7383530139923096,-0.07472344487905502,0.6702610850334167,0,0.07773341983556747,0.12969724833965302,-0.15443770587444305,1],[7,6.856326990600792e-7,5.232852799963439e-7,-1,0,-0.9905603528022766,-0.13708455860614777,-7.508936050726334e-7,0,-0.1370847523212433,0.9905589818954468,4.243557327754388e-7,0,0.04035155847668648,-0.24468247592449188,-0.00020843648235313594,1],[7,0.6319385766983032,0.21964511275291443,-0.7432421445846558,0,-0.13138370215892792,0.9754816889762878,0.17656777799129486,0,0.763800859451294,-0.013930103741586208,0.645301103591919,0,-0.16858024895191193,0.10165607184171677,0.04759807884693146,1],[7,0.38810911774635315,0.1242547482252121,0.9131985902786255,0,-0.035437531769275665,0.992150068283081,-0.1199360117316246,0,-0.9209305644035339,0.014186794869601727,0.3894657790660858,0,0.0917743593454361,0.11705546081066132,-0.2639824450016022,1],[7,0.3005332350730896,0.11767709255218506,0.9464837908744812,0,-0.024688174948096275,0.992987871170044,-0.11561953276395798,0,-0.9534505009651184,0.011380580253899097,0.301331102848053,0,-0.08634863048791885,0.11895296722650528,-0.27244818210601807,1],[7,0.6018823981285095,-0.006039963103830814,0.7985617518424988,0,-0.015212194994091988,0.9997042417526245,0.019026853144168854,0,-0.7984395623207092,-0.023599836975336075,0.6016119718551636,0,0.06986188888549805,0.019693244248628616,-0.1917015165090561,1],[7,-5.580875495070359e-7,0.0000018401553916191915,-1,0,0.9972681403160095,-0.073879174888134,-6.925112074895878e-7,0,-0.07387927919626236,-0.9972667694091797,-0.0000017938966720976168,0,0.01190419215708971,0.24770154058933258,-0.00020788695837836713,1],[7,0.6667484045028687,0.01622418500483036,-0.7451058030128479,0,0.020059332251548767,0.9990110397338867,0.03970257565379143,0,0.745012640953064,-0.041418012231588364,0.6657628417015076,0,-0.18797101080417633,0.018316645175218582,0.03832874819636345,1],[7,0.45672407746315,0.01774066500365734,0.8894317150115967,0,0.0001466198154957965,0.9998008012771606,-0.02001735381782055,0,-0.8896079063415527,0.009272826835513115,0.4566303491592407,0,0.07463949173688889,0.007679780479520559,-0.29953357577323914,1],[7,0.3974045515060425,0.017314044758677483,0.9174802899360657,0,0.0028042318299412727,0.9997954368591309,-0.020082056522369385,0,-0.9176387786865234,0.010553540661931038,0.39727455377578735,0,-0.1046442836523056,0.007784456945955753,-0.30706295371055603,1],[7,-0.7991764545440674,-0.2337770015001297,-0.5537735223770142,0,0.19337330758571625,-0.9722886681556702,0.1313876211643219,0,-0.569142758846283,-0.0020831318106502295,0.8222360014915466,0,-0.01850634440779686,0.0637567937374115,-0.20400255918502808,1],[7,0.8028742671012878,-0.23566336929798126,0.5475906133651733,0,0.1901976764202118,0.9718048572540283,0.13936235010623932,0,-0.5649933218955994,-0.007739987690001726,0.8250588774681091,0,-0.014696599915623665,-0.0632999911904335,-0.20135781168937683,1],[7,0.4318898320198059,-0.24136999249458313,-0.8690290451049805,0,0.09826133400201797,0.9703832864761353,-0.2206863909959793,0,0.8965572118759155,0.009920262731611729,0.4428158104419708,0,-0.18608485162258148,-0.06425030529499054,0.1162855252623558,1],[7,-0.4356476068496704,-0.2447679489850998,0.8661984801292419,0,0.0945066511631012,-0.969437301158905,-0.22640912234783173,0,0.8951418995857239,-0.016773095354437828,0.4454651474952698,0,-0.18826547265052795,0.06326894462108612,0.1210186704993248,1],[7,-0.6113293170928955,-0.11830878257751465,-0.7824826836585999,0,0.10469216853380203,-0.9921630620956421,0.06821867823600769,0,-0.7844202518463135,-0.04021579027175903,0.6189240217208862,0,0.020150329917669296,0.09839344769716263,-0.3088424503803253,1],[7,0.6165280938148499,-0.13611412048339844,0.775477409362793,0,0.0858021229505539,0.9906930327415466,0.10567367076873779,0,-0.7826430201530457,0.0013868228998035192,0.6224684119224548,0,0.02478896826505661,-0.08711756765842438,-0.3082022964954376,1],[7,-0.6602568626403809,0.04383152350783348,-0.7497594952583313,0,-0.09076078981161118,-0.9956366419792175,0.021720584481954575,0,-0.7455357313156128,0.08239003270864487,0.6613532304763794,0,0.07599376142024994,-0.1315196454524994,-0.15590432286262512,1],[7,-0.6386211514472961,0.20371882617473602,0.7420655488967896,0,-0.12106797844171524,-0.9789116382598877,0.16454842686653137,0,0.7599373459815979,0.01524375844746828,0.649817168712616,0,-0.1702755093574524,-0.10280721634626389,0.04954502359032631,1],[7,-0.39380544424057007,0.12680821120738983,-0.910404622554779,0,-0.06004398316144943,-0.9918726682662964,-0.11218273639678955,0,-0.9172306060791016,0.01048615574836731,0.39821857213974,0,0.08323796838521957,-0.1189073920249939,-0.26856163144111633,1],[7,-0.3064643144607544,0.12025010585784912,-0.9442561268806458,0,-0.04991315305233002,-0.9926543831825256,-0.11021380126476288,0,-0.9505724906921387,0.013354210183024406,0.3102150857448578,0,-0.09441808611154556,-0.12083792686462402,-0.2777957022190094,1],[7,-0.5941613912582397,-0.03807639330625534,-0.803443968296051,0,-0.014379724860191345,-0.9982174634933472,0.057940948754549026,0,-0.8042172193527222,0.045979633927345276,0.5925540924072266,0,0.06832969188690186,-0.027289582416415215,-0.19469721615314484,1],[7,-0.6688427329063416,0.017254892736673355,0.7432036399841309,0,0.029562827199697495,-0.9983232617378235,0.049782898277044296,0,0.7428156733512878,0.05526817589998245,0.6672108173370361,0,-0.1910429745912552,-0.019573921337723732,0.0421413891017437,1],[7,-0.45554599165916443,0.017740938812494278,-0.8900352120399475,0,-0.0325714573264122,-0.9994649887084961,-0.003251117654144764,0,-0.8896158337593079,0.027508746832609177,0.4558797776699066,0,0.0714457631111145,-0.013853124342858791,-0.30380409955978394,1],[7,-0.39618903398513794,0.017316142097115517,-0.9180057048797607,0,-0.03094399906694889,-0.9995068907737732,-0.005498761311173439,0,-0.9176470637321472,0.026228243485093117,0.39652925729751587,0,-0.1075424775481224,-0.013961142860352993,-0.3115346431732178,1],[7,-5.580875495070359e-7,0.0000018401553916191915,-1,0,0.9972681403160095,-0.073879174888134,-6.925112074895878e-7,0,-0.07387927919626236,-0.9972667694091797,-0.0000017938966720976168,0,-0.19788001477718353,0.24770154058933258,-0.00020786866662092507,1],[7,0.847265899181366,0.13557259738445282,0.513576090335846,0,-0.17977458238601685,0.9830090403556824,0.03708880394697189,0,-0.49982160329818726,-0.12375213205814362,0.8572416305541992,0,0.030307143926620483,0.24564813077449799,-0.17118509113788605,1],[7,5.926968924541143e-7,6.042498057468038e-7,-1,0,-0.9556881785392761,-0.29438304901123047,-7.443136382789817e-7,0,-0.2943834066390991,0.9556869864463806,4.029943738714792e-7,0,-0.06610847264528275,-0.2586562931537628,-0.00020841331570409238,1],[7,5.926968924541143e-7,6.042498057468038e-7,-1,0,-0.9556881785392761,-0.29438304901123047,-7.443136382789817e-7,0,-0.2943834066390991,0.9556869864463806,4.029943738714792e-7,0,-0.17523857951164246,-0.25865623354911804,-0.00020841331570409238,1],[7,0.4282491207122803,0.5780025124549866,0.6946329474449158,0,-0.3154825270175934,0.8159521222114563,-0.4844513237476349,0,-0.8468018770217896,-0.011678725481033325,0.5317794680595398,0,0.061136528849601746,0.1470136195421219,-0.19406189024448395,1],[7,0.6142376661300659,0.6096184253692627,-0.5010761022567749,0,-0.4766734540462494,0.7926774621009827,0.38005954027175903,0,0.6288818717002869,0.005402823444455862,0.7774816751480103,0,-0.19833476841449738,0.13865293562412262,0.026757419109344482,1],[7,0.7158524394035339,0.2659609913825989,0.645615816116333,0,-0.3322452902793884,0.9429799914360046,-0.02006923407316208,0,-0.6141403913497925,-0.20013640820980072,0.7633981108665466,0,-0.03259386494755745,0.23877562582492828,-0.1794103980064392,1],[7,0.2721422612667084,0.639306902885437,0.7191833853721619,0,-0.24237914383411407,0.7688379287719727,-0.5917268991470337,0,-0.931230902671814,-0.013281194493174553,0.3641872704029083,0,0.05648667737841606,0.13241389393806458,-0.2835199236869812,1],[7,0.2087784707546234,0.49375811219215393,0.844164252281189,0,-0.3566950261592865,0.8421710729598999,-0.40437284111976624,0,-0.9105934500694275,-0.2166852355003357,0.35194751620292664,0,-0.1350008249282837,0.17630426585674286,-0.24663329124450684,1],[7,-0.847348153591156,0.14917176961898804,-0.509655237197876,0,-0.17939884960651398,-0.983722984790802,0.010340219363570213,0,-0.49981656670570374,0.10019346326589584,0.8603163957595825,0,0.025549737736582756,-0.24003635346889496,-0.18071775138378143,1],[7,-0.43287310004234314,0.5949457287788391,-0.6772447228431702,0,-0.321669340133667,-0.8037662506103516,-0.500489354133606,0,-0.8421092629432678,0.0012004813179373741,0.539304256439209,0,0.056614745408296585,-0.13920028507709503,-0.20182082056999207,1],[7,-0.6042898893356323,0.6130583882331848,0.5089134573936462,0,-0.47073614597320557,-0.7900354862213135,0.3927491307258606,0,0.6428377628326416,-0.0022296630777418613,0.765998125076294,0,-0.2019992470741272,-0.13486595451831818,0.03404537960886955,1],[7,-0.7145147323608398,0.279407262802124,-0.6414043307304382,0,-0.32741180062294006,-0.9437436461448669,-0.04637880623340607,0,-0.6182793378829956,0.17686530947685242,0.7657992243766785,0,-0.034730684012174606,-0.23249095678329468,-0.18945688009262085,1],[7,-0.2745409309864044,0.6430392861366272,-0.7149322628974915,0,-0.2501162588596344,-0.7656648755073547,-0.5926212668418884,0,-0.9284754991531372,0.016117429360747337,0.3710409104824066,0,0.05383894219994545,-0.12828388810157776,-0.2885499894618988,1]],8,8,8,8,8,8,8,8,8,8,8,8,8,8,8,8,8,8,8,8,8,8,8,8,8,8,8,8,8,8,8,8,8,8,8,8,8,8]]],0,0,[],[],[]],[[[11,"aula"],[12,"aula",[-6],[[19,-2,[6,"cbZU+c9CtBK4397eEHdG7s"]],[20,0.5,-3,[6,"a8pSxc/2tBFKb6POqO6ocK"],[1,0,0.65,0]],[21,8,false,0,0.5,false,-4,[6,"cczB9n/rpOyIPZQwx4PW2b"],[1,0,0,0]],[22,-5,[6,"46kKUJwjBI4a1u9yDFUgVq"]]],[0,"abEYyhAR1O/KnzBMkt+D65",-1,0],[1,0,1.62,0],[3,0,-0.7071067811865475,0,0.7071067811865476],[1,3,3,3],[1,0,-89.99999999999999,0]],[16,"RootNode",[[-7,-8,-9,-10,-11,-12,-13,-14,-15,-16,-17,[13,"Dummy003",-18,[0,"8cnuFTI0BIZL84ygukPrGG",1,0],[1,-0.0020000000949949,0.194999992847443,-0.0649999976158142],[3,-0.00760905118988363,-0.0123557196983511,-0.02088165470371135,0.9996766452346282],[1,1,1,0.999998986721039],[1,-0.9020332632934256,-1.435000583744693,-2.382000370530424]],-19],1,1,1,1,1,1,1,1,1,1,1,4,1],[0,"1emlqvu3BFyodJrfN7MbKS",1,0]],[8,"Dummy002",2,[[3,"IK Chain002",-20,[0,"274PnPdfxM/bVNFrA1I81Q",1,0],[1,0.117195248603821,0.0342019610106945,-0.0660704374313354],[1,0.342895001173019,0.311437994241714,4.75181198120117]],[3,"IK Chain003",-21,[0,"54KcuUQr1D96b8Z7TWi1Uf",1,0],[1,0.0664477124810219,0.125189676880836,-0.0519285127520561],[1,0.342895001173019,0.311437994241714,4.75181198120117]],[3,"IK Chain004",-22,[0,"4d0fj0835Fd6XaccJJ34uh",1,0],[1,0.0467158779501915,-0.0917076840996742,-0.0136383194476366],[1,0.342895001173019,0.311437994241714,4.75181198120117]],[3,"IK Chain005",-23,[0,"aas3MTs89HMaxx67/12yh3",1,0],[1,-0.0501189790666103,-0.10621602088213,0.00938850734382868],[1,0.342895001173019,0.311437994241714,4.75181198120117]],[3,"IK Chain006",-24,[0,"6csGgooSpCu7Dq46T4aFAp",1,0],[1,-0.110860124230385,-0.042741097509861,-0.0440264753997326],[1,0.342895001173019,0.311437994241714,4.75181198120117]],[3,"IK Chain007",-25,[0,"e5MuB1xUdC2adEjhhogqIW",1,0],[1,-0.136471942067146,0.0324586033821106,-0.0657587349414825],[1,0.342895001173019,0.311437994241714,4.75181198120117]],[3,"IK Chain008",-26,[0,"0520fX8IZNwrATbLkauNxN",1,0],[1,-0.0905852615833282,0.0938955172896385,-0.0470181442797184],[1,0.342895001173019,0.311437994241714,4.75181198120117]],[3,"IK Chain001",-27,[0,"f6kxeBdylDiKA3EeuIww52",1,0],[1,0.0784159898757935,-0.017606420442462,-0.0510868430137634],[1,0.342895001173019,0.311437994241714,4.75181198120117]]],[0,"f8/UV0MaZHdoQ/Jgzu6U5t",1,0],[1,0.00160474248696119,0.00209995452314615,0.0582715459167957],[3,-0.7071067811865476,0,0,0.7071067811865476],[1,2.91634392738342,3.21090698242188,0.210446000099182],[1,-90.00000000000003,0,0]],[18,"body",1,[2],[[-28,[23,-30,[6,"66OVomx9RNMZO8T6if/eHH"],-29]],1,4],[0,"bbnoLEdPNB3JhX5aqC4NLQ",1,0],[3,0,1,0,6.123233995736766e-17],[1,0,180,0]],[17,"Bone020",[[[7,"Bone021",-31,[0,"70n63djLRAYLS5VcE0u3/v",1,0],[1,0.109130121767521,-5.72204577053981e-8,0],[1,-4.268868231257965e-7,0.000001707547292503193,-4.7708320221952815e-15]],-32,-33],4,1,1],[0,"761ujm+RVHDoIepZZKouea",1,0],[1,0.147140711545944,-3.55271359939116e-17,-1.99675547207789e-8],[3,-0.06906312850821048,0.1859550664594712,-0.06309440866055586,0.9780951350121759],[1,-6.482358852386983,21.042637832597574,-8.575350138474283]],[5,"Bone001",2,[-34],[0,"62WtGjw3lMw56W7p7HwODl",1,0],[1,0.111836940050125,0.218639612197876,-0.0322890989482403],[3,-0.5867917527765377,0.6119335879467248,0.13946598744647787,0.5116267791678478],[1,1,0.999998986721039,1],[1,-70.54095649805703,74.9636924546923,-35.13087865555486]],[1,"Bone002",6,[-35],[0,"6fLd94NNRFrajNuNL6tX8j",1,0],[1,0.0732018649578094,8.88178399847791e-18,3.81469718035987e-8],[3,-0.06399947224023902,0.0014651603582756525,0.000011740335717379202,0.9979488567658464],[1,-7.33880914216337,0.16763697566150443,-0.00940260817198715]],[2,"Bone003",7,[[7,"Bone004",-36,[0,"8fxwxMlt5F8bMBjDw84eA4",1,0],[1,0.212641805410385,1.43051144263495e-8,-1.90734859017994e-8],[1,0.000003415094139728733,0.000001707547216169933,0.000016221699329669073]]],[0,"59g4fdLMlD6LkSFLnq/9pw",1,0],[1,0.106392130255699,1.77635679969558e-17,0.00000267028804046276],[3,0.11588268309699642,-0.001023526332413451,-0.00005759415743406833,0.9932623786467506],[1,13.30906560776829,-0.11573252234313697,-0.02014692538405495]],[5,"Bone005",2,[-37],[0,"11c1OUpZ9Fto8yfGm7lxW4",1,0],[1,0.111985616385937,0.216656103730202,0.0713392272591591],[3,-0.49866454781395636,0.5523627884348724,-0.2964965044886043,0.5985973951931247],[1,1,0.999998986721039,1],[1,-39.502031677263,59.66007120216464,-64.93821793828224]],[1,"Bone006",9,[-38],[0,"c8eOf3WIZCw7UFw/mzZHad",1,0],[1,0.0705045014619827,4.76837147544984e-9,-1.90734859017994e-8],[3,0.0039382338680168305,-0.567077446745098,0.009479048475346094,0.8236005144164635],[1,0.9877618867252456,-69.10301764064398,0.6387082583294068]],[2,"Bone007",10,[[4,"Bone008",-39,[0,"71A4y81EdEULEpIXmkAvOZ",1,0],[1,0.19921612739563,-1.90734859017994e-8,-3.81469718035987e-8],[3,0.0000806641859543595,0.03282449855887659,0.0006701134443152919,0.9994609030550516],[1,0.00671788608701909,3.7620825857901155,0.07705138174510155]]],[0,"26W5QHmI9ASZRSdS8Ro43S",1,0],[1,0.117881447076797,1.43051144263495e-8,-1.90734859017994e-8],[3,-0.021070141569633268,0.4277637944473487,-0.02271428169656121,0.9033594227666258],[1,-1.0696435740718426,50.64588699887024,-3.386112060761573]],[5,"Bone001(mirrored)",2,[-40],[0,"35E6sDDidD7Y7+kLtLbFZX",1,0],[1,-0.107431285083294,0.201675295829773,-0.0380903407931328],[3,-0.5788202185018179,0.7470176685962059,0.3206588868117803,-0.06410644091841915],[1,1,0.999998986721039,1],[1,-72.93390546533686,139.43212363363884,-64.94348137980853]],[1,"Bone002(mirrored)",12,[-41],[0,"71+Ael3KxBg7ujQjNIbh38",1,0],[1,0.07320187240839,9.53674295089968e-9,1.90734859017994e-8],[3,0.002411918006052418,-0.6548816534280452,-0.002423692018822063,0.7557237116644415],[1,0.026988338224708846,-81.82184223276677,-0.39089344756900923]],[2,"Bone003(mirrored)",13,[[7,"Bone004(mirrored)",-42,[0,"e1RHp0XNVPjqABAnXnNG+x",1,0],[1,0.212641790509224,-4.76837129781416e-8,0],[1,-0.0000011739353285969318,0.0001144056685801826,-0.0000017075472432011584]]],[0,"64jZFbM15Bop6GOjBrf3LK",1,0],[1,0.10639214515686,2.8610228852699e-8,0.000002689361508601],[3,-0.05877163650602868,0.5733549015318441,0.010687043921085583,0.8171265744816046],[1,-6.225276060847513,69.95687411666427,-2.861892339045416]],[5,"Bone005(mirrored)",2,[-43],[0,"af+v4D5ZBJdbiuiK4LVxGf",1,0],[1,-0.116021923720837,0.21516090631485,0.0690053179860115],[3,-0.42244529705572714,0.6229625341541177,0.6164427396928683,-0.23120553781371414],[1,1,0.999998986721039,1],[1,-101.53905804177028,156.53331071099302,-54.231484535628084]],[1,"Bone006(mirrored)",15,[-44],[0,"197X8+YMBLRpBfdJIhZphh",1,0],[1,0.0705045014619827,8.88178399847791e-18,-3.81469718035987e-8],[3,0.06102647538014629,-0.2970085992195646,-0.027220779609064556,0.9525338264071168],[1,5.766853803157834,-34.38113155174737,-5.054782688347573]],[2,"Bone007(mirrored)",16,[[4,"Bone008(mirrored)",-45,[0,"12ed7T/CNMLJDhLRVsaEPS",1,0],[1,0.199216082692146,9.53674295089968e-9,-9.53674259562831e-8],[3,-0.00008079531276327057,0.0328246846191392,-0.00067025971600032,0.9994608968357314],[1,-0.006732339491900258,3.762103907903022,-0.07706862869175664]]],[0,"07siEwgAFFXKJ6aek8A927",1,0],[1,0.117881454527378,9.53674295089968e-9,-1.90734859017994e-8],[3,0.02354240561465898,0.18465807702321443,0.003159248679019705,0.9825157346708232],[1,2.5849058228104784,21.269207778229287,0.853888481241507]],[5,"Bone013(mirrored)",2,[-46],[0,"a2Gnv5mzFDzLa/y6shnkla",1,0],[1,-0.0301192924380302,0.183025911450386,0.247223123908043],[3,0.11623094147925676,-0.3847969444941823,-0.6588166905107423,0.6359105660824164],[1,0.999998986721039,1,1],[1,-73.71976396689209,-116.03020932018883,-68.02506005569438]],[1,"Bone014(mirrored)",18,[-47],[0,"a24lOCuWVDKZnF/EeAGpfE",1,0],[1,0.0631895214319229,4.76837129781416e-8,3.81469718035987e-8],[3,0.007089983657641596,-0.6747419224517598,-0.002949165174393051,0.7380138024743249],[1,0.37161095971212726,-84.86872654010166,-0.7976327252288923]],[2,"Bone015(mirrored)",19,[[4,"Bone016(mirrored)",-48,[0,"28WTDSwx1GrqJPLfO9idIT",1,0],[1,0.167027845978737,-9.53674295089968e-9,3.81469718035987e-8],[3,0.11252694116304914,-0.007461773420203628,0.0657388659044195,0.9914435994848694],[1,13.06097830366725,-1.709884826595972,7.392943059998608]]],[0,"b5MVi9mqFDqboFXA7V4FRE",1,0],[1,0.0865636616945267,5.72204577053981e-8,-1.43051144263495e-8],[3,-0.01795195252259533,0.6149775464332291,-0.0015761312298436948,0.7883386712536297],[1,-1.511284097106967,75.896527052464,-1.407620774063411]],[1,"Bone013",2,[-49],[0,"455+qdhg1LTKfQMOhEL3b/",1,0],[1,0.0228818394243717,0.18337345123291,0.247765615582466],[3,-0.42354480378037235,0.19383955434746075,-0.5887502563359084,0.6606127171236003],[1,-98.92460474999704,-46.33118636860485,-70.40236272481711]],[1,"Bone014",21,[-50],[0,"bcEhE/foBBD5DnZkvBSACf",1,0],[1,0.0631894916296005,-3.81469718035987e-8,5.72204577053981e-8],[3,0.006802005408862359,-0.7257900431389461,-0.006577266089749636,0.6878512088915517],[1,-0.010882026773924629,-93.07473511600854,-1.084216388913797]],[2,"Bone015",22,[[4,"Bone016",-51,[0,"968mTiDIxFIJnNmareS6bG",1,0],[1,0.167027845978737,3.81469718035987e-8,-3.81469718035987e-8],[3,-0.11252640643806334,-0.007461330661779558,-0.06573879549949124,0.9914436681754377],[1,-13.060912778896,-1.7098291546074162,-7.392941734052894]]],[0,"12cwi4eGhPFa/JuJYWOUML",1,0],[1,0.0865636840462685,-9.53674259562831e-8,-9.53674295089968e-9],[3,0.004451505387842998,0.7282741688220231,-0.00950329939961198,0.6852055213050279],[1,1.1427159473740676,93.49425508865697,-0.3746937875223678]],[5,"Bone009(mirrored)",2,[-52],[0,"8aSTDw699BO6Ths7pBg5AM",1,0],[1,-0.0611083321273327,0.204033643007278,0.174635171890259],[3,-0.38057433989039496,0.6071578769373958,0.5641004358706632,-0.4102598963344971],[1,1,0.999998986721039,1],[1,-78.78435764494026,-169.56530010578697,-67.66729783614832]],[1,"Bone010(mirrored)",24,[-53],[0,"b8VIQQKZZDV5soi7ef0h5y",1,0],[1,0.0963456109166145,1.33514404865309e-7,-3.81469718035987e-8],[3,0.006237006398717822,-0.7048341765404936,0.0004854917152549739,0.7093445197007314],[1,0.5462128310472175,-89.63231290065154,-0.4642927653820249]],[2,"Bone011(mirrored)",25,[[4,"Bone012(mirrored)",-54,[0,"c1WaUG91BJWptfMsBLBz3R",1,0],[1,0.203332394361496,5.72204577053981e-8,1.90734859017994e-8],[3,0.0035960156477479865,0.04701762153045712,0.00016961109504897207,0.9988875728374822],[1,0.4107044148968316,5.3897055635189215,0.038789075846114504]]],[0,"bdkZiTb3BIY5moPF/pwcif",1,0],[1,0.112865462899208,-7.62939436071974e-8,4.76837129781416e-8],[3,0.029312656457495746,0.6124045099273239,-0.008807561139498432,0.789951841100996],[1,3.2740902886534595,75.53274365195729,1.259881464018084]],[1,"Bone009",2,[-55],[0,"56WyB5JDxBArhgow2rdsBb",1,0],[1,0.0550720691680908,0.204795598983765,0.17582443356514],[3,-0.5752435300333811,0.4424127320134049,-0.276581375529245,0.6299750776161867],[1,-68.90429848711943,27.704628588753007,-59.0335647035741]],[1,"Bone010",27,[-56],[0,"f4UwM6101GJ7X896J3RefO",1,0],[1,0.0963455960154533,-1.43051138934425e-7,-2.8610228852699e-8],[3,0.02745082163103023,-0.7456110535857835,-0.0796085800382607,0.6610393960625726],[1,-4.7792507852128585,-97.23268772310053,-8.405853079362805]],[2,"Bone011",28,[[4,"Bone012",-57,[0,"53UaSYaLdGgq0zsD7UUvR/",1,0],[1,0.203332394361496,-1.90734859017994e-8,-7.62939436071974e-8],[3,-0.003595992372362935,0.047017576927373864,-0.00016990693584077187,0.9988875749704615],[1,-0.41070015856423914,5.389700327098109,-0.038822795257444816]]],[0,"6bD2F6tIhMPJz1ZYH7lWdk",1,0],[1,0.112865500152111,0,2.8610228852699e-8],[3,0.004552382532923629,0.8349017542633979,0.0454138780421402,0.548503342033892],[1,-4.068860102887691,113.50973563557382,3.291786536264691]],[5,"Bone019",2,[5],[0,"c9CyRlsUdOhIiaj/0uFOa/",1,0],[1,-0.000394951552152634,0.2475296407938,-0.00672749010846019],[3,0.048582020770904386,-0.7054325287565743,-0.048579945784224254,0.7054393832906711],[1,0.999998986721039,1,1],[1,0.00020785696338173186,-89.99942895770127,-7.87909216422949]],[2,"Bone017",5,[[4,"Bone018",-58,[0,"20Ur7FDbhJOYAhm2a4kSUv",1,0],[1,0.0551449321210384,1.90734859017994e-8,5.32907039908674e-17],[3,0.006713393472850624,0.08562677178728967,-0.0778743534275654,0.9932565486215555],[1,1.5467502844113492,9.973824459530922,-8.832637083822636]]],[0,"2bPJQpb5hItYnWe0InHrBD",1,0],[1,0.096782311797142,-0.00726984022185206,-0.0291434992104769],[3,0.7570922274502585,-0.42692127258677603,-0.3817475685606019,-0.3143539089074002],[1,-118.63340082874927,67.88208275955955,-23.98076145975597]],[2,"Bone017(mirrored)",5,[[4,"Bone018(mirrored)",-59,[0,"08KGG87zxPAIw+DQtB695B",1,0],[1,0.0551449470221996,0,-1.90734859017994e-8],[3,-0.006713473825919209,0.08562726683321857,0.07787483327287155,0.99325646777989],[1,-1.5467689430355758,9.973884115410167,8.832690441323761]]],[0,"3fhVMmgpRF8r6XK3aguE9e",1,0],[1,0.0967823192477226,-0.00726985931396484,0.0344395041465759],[3,-0.3143544176103944,-0.3817478094850897,-0.4269210965752859,0.7570919940014692],[1,-61.36663871372836,-67.88209871785794,-23.980698393294077]],[8,"Bone022",2,[[14,"Bone023",-60,[0,"94YoUp3QVIZrxXVKr02q5W",1,0],[1,0.209784209728241,3.55271359939116e-17,-2.00420622320507e-8]]],[0,"0bsKP6cYlDfYDDLFdYLdRw",1,0],[1,-0.000394951552152634,0.2475296407938,-0.00672749010846019],[3,-0.7066203451133235,0.026138121614873527,0.7066266632057557,-0.026138961667847165],[1,1,0.999998986721039,1],[1,179.99995076807596,90.00051047435888,-4.236897283480807]],[15,"aula",2,[[24,1,-61,[6,"c29ODsIbRTlqcOlrUctWKX"],[0],[25],4,1,2]],[0,"70Gyws4j9GPK/oZfhuopS2",1,0],[3,-0.7071067811865476,0,0,0.7071067811865476],[1,-90.00000000000003,0,0]],[26,true,4,[6,"44l0IwuQhYKq9jk0oCwVFF"],[3,4,5,6,7]]],0,[0,2,1,0,1,1,0,1,1,0,1,1,0,1,1,0,-1,4,0,-1,6,0,-2,9,0,-3,12,0,-4,15,0,-5,18,0,-6,21,0,-7,24,0,-8,27,0,-9,3,0,-10,30,0,-11,33,0,0,2,0,-13,34,0,0,3,0,0,3,0,0,3,0,0,3,0,0,3,0,0,3,0,0,3,0,0,3,0,-1,35,0,3,35,0,1,4,0,0,5,0,-2,31,0,-3,32,0,-1,7,0,-1,8,0,0,8,0,-1,10,0,-1,11,0,0,11,0,-1,13,0,-1,14,0,0,14,0,-1,16,0,-1,17,0,0,17,0,-1,19,0,-1,20,0,0,20,0,-1,22,0,-1,23,0,0,23,0,-1,25,0,-1,26,0,0,26,0,-1,28,0,-1,29,0,0,29,0,0,31,0,0,32,0,0,33,0,1,34,0,4,1,2,0,4,5,0,30,61],[0,0,0,0,0,0,0,0,35],[-1,5,6,-1,-2,-3,-4,-5,7],[2,3,4,1,5,6,7,8,1]],[[[27,[{"rasterizerState":{},"depthStencilState":{},"blendState":{"targets":[{}]}},{"rasterizerState":{},"depthStencilState":{},"blendState":{"targets":[{}]}},{},{}],[{"USE_INSTANCING":true},{"USE_INSTANCING":true,"USE_BASE_COLOR_MAP":true,"USE_1ST_SHADE_MAP":true,"USE_2ND_SHADE_MAP":true},{},{}],[[{},[{},"mainColor",8,[4,4284769380],"shadeColor2",8,[4,4286085240],"specular",8,[4,16777215],"mainTexture",6,0,"shadeMap1",6,1,"shadeMap2",6,2],{},{}],0,11,0,0]]],0,0,[0,0,0,0],[8,9,10,11],[0,0,0,9]]]]
