[1,["68JrSAYwBETZWjniegxHaj","363Eujk/NDsYmLRumzkqYX@1f586","363Eujk/NDsYmLRumzkqYX@fd7d6","363Eujk/NDsYmLRumzkqYX@438fe","48PT11OAVPuLEdnUzIc6iC@ec8a4","363Eujk/NDsYmLRumzkqYX@989ed","363Eujk/NDsYmLRumzkqYX@b4251","363Eujk/NDsYmLRumzkqYX@6c359","363Eujk/NDsYmLRumzkqYX@cf5ee"],["_parent","node","_mesh","root","colliderComPlayer","rigidComPlayer","scriptPlayerModel","data","_skeleton","_defaultClip"],[["cc.Node",["_name","_prefab","_lpos","_euler","_lrot","_parent","_children","_lscale","_components"],2,4,5,5,5,1,2,5,12],["cc.Node",["_name","_components","_prefab","_euler","_lpos","_lrot","_lscale","_parent","_children"],2,9,4,5,5,5,5,1,2],["cc.Node",["_name","_children","_prefab","_lpos","_lrot","_euler","_parent"],2,12,4,5,5,5,1],["cc.Node",["_name","_parent","_children","_prefab","_lpos","_lrot","_euler","_lscale"],2,1,9,4,5,5,5,5],["cc.RigidBody",["_group","_type","_allowSleep","_linearDamping","_angularDamping","_useGravity","node","__prefab","_angularFactor"],-3,1,4,5],["cc.Prefab",["_name"],2],["cc.Node",["_name","_parent","_children","_components","_prefab","_lrot","_euler"],2,1,2,2,4,5,5],["00abeCWTxpAwrraoA+2UT4q",["node","__prefab","scriptPlayerModel","rigidComPlayer","colliderComPlayer"],3,1,4,1,1,1],["cc.CompPrefabInfo",["fileId"],2],["661afbK8/hPNbWGsBzk8GsI",["gravity","node","__prefab"],2,1,4],["cc.PrefabInfo",["fileId","root","asset"],2,1,1],["cc.BoxCollider",["_isTrigger","node","__prefab","_size"],2,1,4,5],["a3c3eSoUrFKl5IFTQQGWnRd",["node","__prefab"],3,1,4],["9b706mx99ZI/ZmcpsAOpihz",["node","__prefab"],3,1,4],["cc.SkinnedMeshRenderer",["_shadowCastingMode","node","__prefab","_materials","lightmapSettings","_skinningRoot","_mesh","_skeleton"],2,1,4,3,4,1,6,6],["cc.ModelLightmapSettings",[],3],["cc.MeshRenderer",["node","__prefab","_materials","lightmapSettings","_mesh"],3,1,4,3,4,6],["cc.SkeletalAnimation",["node","__prefab","_clips","_sockets"],3,1,4,3,9],["cc.SkeletalAnimation.Socket",["path","target"],2,1],["6d341OU0KFKnp6rW79mlG0J",["node","__prefab","ndSocketLoose","ndSocketHand","ndArrow","aniComPlayer"],3,1,4,1,1,1,1],["cc.CapsuleCollider",["_radius","_cylinderHeight","node","__prefab","_center"],1,1,4,5],["cc.Skeleton",["_name","_hash","_joints","_bindposes"],0,12],["cc.Mesh",["_native","_hash","_struct"],1,11]],[[10,0,1,2,2],[0,0,5,6,1,2,4,3,2],[3,0,1,2,3,4,5,6,2],[8,0,2],[0,0,5,1,2,2],[0,0,5,1,2,3,2],[0,0,6,1,2,4,3,2],[0,0,5,1,2,4,3,2],[0,0,5,1,2,4,7,3,2],[2,0,6,1,2,3,4,5,2],[0,0,5,6,1,2],[0,0,5,6,1,2,4,7,3,2],[3,0,1,2,3,4,5,7,6,2],[15,1],[18,0,1,2],[5,0,2],[0,0,6,8,1,2,4,7,3,2],[0,0,6,1,4,3,2],[6,0,1,2,3,4,5,6,2],[1,0,8,1,2,4,5,6,3,2],[1,0,7,1,2,5,3,2],[1,0,7,1,2,4,6,3,2],[2,0,1,2,3,4,5,2],[7,0,1,2,3,4,1],[9,0,1,2,2],[11,0,1,2,3,2],[4,0,1,6,7,3],[4,0,2,3,4,5,6,7,8,6],[12,0,1,1],[13,0,1,1],[14,0,1,2,3,4,5,6,7,2],[16,0,1,2,3,4,1],[17,0,1,2,3,1],[19,0,1,2,3,4,5,1],[20,0,1,2,3,4,3],[21,0,1,2,3,4],[22,0,1,2,3]],[[[[15,"player01"],[16,"player01",[-9],[[-2,-3,[23,-7,[3,"26+wc8omNJq4i65uEAxgCX"],-6,-5,-4],[24,-20,-8,[3,"7aqYWKErhE7K+fR5TWkOTt"]]],1,1,4,4],[0,"a9FxIlG1RCPIF9RKpEwYB2",-1,0],[1,-14.63,1.75,-0.82],[3,0,-0.7071067811865475,0,0.7071067811865477],[1,4,4,4],[1,0,-89.99999999999999,0]],[18,"body",1,[-12,-13,-14],[-10,-11],[0,"6cGNZIknpE/68c9h2U82G+",1,0],[3,0,1,0,6.123233995736766e-17],[1,0,180,0]],[19,"arrow",[-19],[[25,true,-15,[3,"2fLVrGG5ZJRqjCTBEid2yB"],[1,0.05,0.05,1]],[26,4,2,-16,[3,"50MiGiKb9IW5MYHaRlb/xN"]],[28,-17,[3,"71oufH2YBHl4WXXMpwuPUq"]],[29,-18,[3,"00wxFnenVE77x3G78nnzSO"]]],[0,"20se6u0DZLt7Sm0jILNBAd",1,0],[1,0.117,0,-0.013],[3,0,0.7432907894432857,0,0.6689684613857196],[1,0.3,0.3,0.3],[1,0,96.025,0]],[17,"Bip001 Pelvis",[-20,-21,-22,-23,-24],[0,"08n+U4qyJJPoYttTlxEtpD",1,0],[3,-0.41188171100388316,-0.5147662708143204,-0.4834640574536997,0.5758746805710746],[1,-78.75771397844046,-89.85222129496063,-7.630486924094422]],[22,"Bip001 Head",[[[4,"Bip001 HeadNub",-25,[0,"1druDNyFVJo5byzjriAwma",1,0],[1,0.135930821299553,-2.38418573772492e-9,8.32667249857304e-19]],-26,-27,-28],4,1,1,1],[0,"26E14lAcFLcJH10bY3hLNI",1,0],[1,0.0129182813689113,1.77635679969558e-17,4.76837147544984e-9],[3,0.3559750324072336,-0.053677298212219435,-0.21076545152117085,0.9088335647435029],[1,43.51214722523949,3.317809274738588,-24.91776247669051]],[1,"Bip001 Spine",4,[-29,-30,-31],[0,"2517NuYrBHJYCjNimp2uno",1,0],[1,0.0206464007496834,0.000459729431895539,0.00273958081379533],[3,-0.2682870387474789,-0.0506546992781517,0.16400951508054978,0.947922489048652],[1,-31.52066107625393,-0.48889624844361557,19.762169495502985]],[6,"Bip001 Neck",[-32,-33,5],[0,"00HdghTmRHgohcHgOz3OI6",1,0],[1,0.06485465914011,-0.00720170000568032,-7.15255721317476e-9],[3,0.006708406793550155,-0.04889848419563443,0.13654124635638185,0.9894040749689215],[1,1.5845054450062264,-5.876335477710025,15.636471748776113]],[6,"Bip001 L Hand",[-34,-35,-36],[0,"edfi6VDk1MApUlaDdnuucb",1,0],[1,0.0477479733526707,0,1.90734859017994e-8],[3,-0.5294900446039947,0.0490852623239158,0.07881113007075932,0.8432198618775663],[1,-64.64262464718085,9.600993603361276,4.642018691273672]],[9,"gongjian",8,[[-37,-38,[4,"gongjian_la",-39,[0,"4cyqQtm49MhYWVYGCyY07M",1,0],[1,-0.0612875334918499,0.000164525510626845,-0.000146636957651936]]],1,1,4],[0,"c20nCHg99GPp1jVrBdRT06",1,0],[1,0.0219213478267193,0.00943145714700222,-0.000834126432891935],[3,-0.6830571674254313,0.23082719014591663,-0.20206187027606837,0.6628142386058287],[1,-91.04338711627624,2.11303070546733,-35.67559847940418]],[1,"gongjian_la Socket",2,[3],[0,"3cwYc62clDqI7SE+aJTkZS",1,0],[1,0.041531299806361444,0.20472553019682077,0.05258205908016243],[3,-0.49316385214630193,0.6578569318871447,-0.3706222479207023,-0.4320333568724278],[1,75.35064820116835,-98.54127032979373,-19.185046788703644]],[10,"RootNode",2,[-40,-41],[0,"7fqAOnkdhPubBHVKXPsSoY",1,0]],[9,"Bip001",11,[[[7,"Bip001 Footsteps",-42,[0,"a1oLliOLRDyoEZwswSD/O9",1,0],[1,0.00578802870586514,0.0344484522938728,-0.181434854865074],[3,0.05357651611095823,-0.07839910431516688,0.7174669867307766,0.6900900378323479],[1,100.70887499921847,-102.72951374421514,79.0619560316228]],4],4,1],[0,"e6vgd+gIdK+45ovhEiKoOZ",1,0],[1,-0.00329751730896533,0.192917972803116,-0.00498224701732397],[3,0.5258516621262591,0.4518892425763995,0.5627623149035792,-0.4500830132399396],[1,-100.75060063529376,-92.3974479605488,-1.7951469034733716]],[9,"Bip001 Spine1",6,[[7,[7,"jiantong",-43,[0,"ccpv6Y2W1OeI4b3sAA+9ZN",1,0],[1,0.0268347933888435,-0.045480340719223,-0.00330258952453732],[3,0.7107517879682136,0.7034428874469623,2.3353869055005843e-7,-4.617560127450711e-7],[1,-179.9945402142028,-0.005441293450126157,89.40776834555899]]],1,4],[0,"aeC+GU7zdGDqASM1EiqRCD",1,0],[1,0.0416589342057705,-0.0000406074505008291,0.000014715194083692],[3,-0.17596529771862365,0.1570103348521229,0.006703403445158616,0.9717710806206737],[1,-20.145674291905873,17.92608948364998,-2.4202283889384564]],[6,"Bip001 L UpperArm",[-44,-45],[0,"e030Pjp/BDYZJ6AyKT3WTu",1,0],[1,0.0327766798436642,0,0],[3,-0.11273205739824561,0.22350200444598922,-0.05098458995426971,0.9668189638347908],[1,-11.384695030276903,25.177519198400017,-8.567671121148008]],[6,"Bip001 R UpperArm",[-46,-47],[0,"0b3V2VF0VKioJ7uEyWK2Lj",1,0],[1,0.0327766947448254,0,0],[3,-0.1634690773856848,-0.3457701530227791,-0.23175117547712387,0.8944340415493187],[1,-28.34552184959575,-46.73549476501521,-17.549330884336477]],[6,"Bip001 R Hand",[-48,-49],[0,"5dsnNtmwVPaauLaI+KVxqe",1,0],[1,0.0477479547262192,0,3.55271359939116e-17],[3,0.8284742991230722,0.05632721368324538,-0.08340465437550017,0.5509094701670317],[1,112.74636159813639,11.552153127868277,0.08218909658081684]],[7,"gongjian Socket",2,[0,"c2WYCQhiNA86JgA6uAZMeN",1,0],[1,0.03306399488389917,0.18441192168161938,0.10978234220006321],[3,-0.49316384969559346,0.6578569337243235,-0.37062224953015216,-0.4320333554917521],[1,75.35064805746406,-98.54127076708973,-19.18504668074276]],[20,"role01",11,[[30,1,-50,[3,"3anl9kHaJdbrSPUzVZRZXa"],[0],[13],2,1,2]],[0,"91En2wbUZF6rjhzgg9N3ao",1,0],[3,-0.7071067811865476,0,0,0.7071067811865476],[1,-90.00000000000003,0,0]],[1,"Bip001 L Clavicle",7,[14],[0,"0b6fDB+dRNj6n+a1WVk8np",1,0],[1,-0.00955802854150534,0.00615513790398836,0.0138386720791459],[3,0.5661953293859575,0.0081105337581238,0.8085269024681724,0.16012906110043884],[1,169.94422904616937,-108.61772347055353,15.552521643044653]],[1,"Bip001 L Forearm",14,[8],[0,"5fU+DXxWZGW6+Tzn52KrAU",1,0],[1,0.0550516210496426,3.27825544488292e-9,0],[3,-4.80981531306105e-17,-1.379408024766704e-17,-0.303828414050541,0.9527267681846316],[1,-7.029078765924762e-15,-3.900718588689058e-15,-35.37538474967817]],[1,"Bip001 L Finger0",8,[-51],[0,"02uM+jXVZAgKDJTWWmKIS4",1,0],[1,0.0104071516543627,0.00811965949833393,-0.0145578002557158],[3,0.7119851590937232,0.582506349012364,-0.021799914179169717,0.39152043411851756],[1,91.45404471531172,56.66614664103358,54.33123516037301]],[2,"Bip001 L Finger01",21,[[5,"Bip001 L Finger0Nub",-52,[0,"eeffdsHH5G0aOV/jbEaOvf",1,0],[1,0.00976494792848825,-1.90734859017994e-8,9.53674295089968e-9],[1,-0.000001280660469377386,3.1805546814634477e-15,0.0000017075472925031922]]],[0,"51iG/PdydNQo4CGWjI5kMT",1,0],[1,0.0117669673636556,-1.77635679969558e-17,-8.88178399847791e-18],[3,7.374334765405078e-9,-2.9114864573145032e-8,0.6941320154128777,0.7198477236046908],[1,0.00008041866626945415,-0.00008218055941118655,87.91618070384149]],[1,"Bip001 L Finger1",8,[-53],[0,"e9Sx1kPiNO4akh9Nivkcpi",1,0],[1,0.0274492166936398,1.90734859017994e-8,7.15255721317476e-9],[3,-0.0717021895071044,-0.004192713168595447,0.23138061089519452,0.970208343644776],[1,-8.83495553219217,1.606712063317356,26.716487136186014]],[2,"Bip001 L Finger11",23,[[4,"Bip001 L Finger1Nub",-54,[0,"bd++cgqjpP+bwINP/uu2Tu",1,0],[1,0.0161713026463985,0,0]]],[0,"3aEpu7KYpG8LdVBe6AvEmy",1,0],[1,0.00906061194837093,0,-9.53674295089968e-9],[3,-1.0410782773148303e-8,1.6241691816324286e-9,0.5896596490830096,0.8076518422212023],[1,-0.0000035234845735766203,0.0000028029066950733053,72.26571917433566]],[1,"Bone004",9,[-55],[0,"a5dZ0/yLdKGqXrweFM7ZpK",1,0],[1,0.0182538609951735,-0.0366633608937263,0.0000851821896503679],[3,-0.5771071315413661,0.8166684509175495,1.1678396562128313e-7,1.1362093489472521e-7],[1,-0.000055235869578761776,179.9999450241842,-70.49465970040596]],[2,"Bone005",25,[[5,"Bone006",-56,[0,"c1n0gpnVJBGLn3Xa4vcuir",1,0],[1,0.0916164070367813,-4.76837147544984e-9,-3.55271359939116e-17],[1,-0.0000017075472940934703,8.537736494321493e-7,2.1344342428511695e-7]]],[0,"4eD5dHonlPA5hyBxW/+B7K",1,0],[1,0.0758006572723389,9.53674295089968e-9,3.55271359939116e-17],[3,-2.7673688866335737e-17,-2.1304746616982675e-18,0.07675843914037275,0.9970497189311742],[1,-3.1805546814635136e-15,-4.019884849497632e-31,8.804529525990462]],[1,"Bone001",9,[-57],[0,"f7mbgSFYhGvJUocWtzaRMz",1,0],[1,0.0182539355009794,0.0358551815152168,0.0000231552112381905],[3,-3.0667607123647485e-8,2.406269459493996e-7,0.8166684509175363,0.5771071315413566],[1,-179.9999264835197,179.9999437456731,70.4946597004027]],[2,"Bone002",27,[[5,"Bone003",-58,[0,"5dgkQAajJM7Z+4zDlj+uMj",1,0],[1,0.0916164219379425,-1.77635679969558e-17,-1.90734859017994e-8],[1,8.537737480293439e-7,-6.361109362926621e-15,-0.000003415094992117375]]],[0,"3bSAiTM2hKgYUviNGr0AR/",1,0],[1,0.0758006349205971,4.76837147544984e-9,0],[3,8.572389659312265e-9,-1.4285302302375523e-8,0.07675842717202884,0.997049719852564],[1,0.00000111825418276081,-0.0000017279083078136657,8.804528150461064]],[12,"Bone036",14,[[5,"Bone037",-59,[0,"89VA4GPS9FK737vh/GdGAO",1,0],[1,0.0357487015426159,-3.81469718035987e-8,1.19209286886246e-9],[1,-0.000001280660831960625,0.0000010672170450923283,0.000017075472913104722]]],[0,"c4x9kU5fxKZ6J86LbZcbRf",1,0],[1,-0.0153351780027151,0.000575111771468073,0.00216014846228063],[3,-0.10429020824382267,0.6744823956995338,0.7265794175002394,0.07924266793142745],[1,-1,-1,-1],[1,-94.45140249452582,165.01713963298593,-1.4630139637417752]],[1,"Bip001 R Clavicle",7,[15],[0,"c4HnET0ntM/oqawhz5jeDC",1,0],[1,-0.0120875928550959,0.00615721708163619,-0.0116931581869721],[3,-0.5729326774711935,0.18192968308858776,0.7989430067053538,0.018433923445228546],[1,-161.5217089727678,110.39224133396661,-10.312194326189497]],[1,"Bip001 R Forearm",15,[16],[0,"8d2oW9ONRFd7x7XByA/1yQ",1,0],[1,0.055051650851965,0,0],[3,4.627818457999952e-19,1.6718548086789694e-18,-0.2667755709822321,0.9637586807531768],[1,1.1918216764580644e-16,2.3177517803726104e-16,-30.944968501144903]],[1,"Bip001 R Finger0",16,[-60],[0,"6140EDsEBDoaJh0ELdTRO2",1,0],[1,0.0104071516543627,0.00811965949833393,0.0145577900111675],[3,0.7762453660577475,0.5710201936358552,-0.023216957538997718,-0.26615792871259053],[1,-118.06735524579193,-37.688234661960145,64.0089240041166]],[2,"Bip001 R Finger01",32,[[8,"Bip001 R Finger0Nub",-61,[0,"a0re3XDaBGHqCUYr+2+1e5",1,0],[1,0.00976493768393993,-8.88178399847791e-18,-9.53674295089968e-9],[3,-1.4901162970204496e-8,-1.1175871783564197e-8,0.9999999999999998,-2.2776583602770093e-16],[1,-1,-1,-1],[1,179.99999871933943,179.99999829245252,-7.016710363014044e-15]]],[0,"30sRU3YR9Px7ToTbmBMhhX",1,0],[1,0.0117669580504298,-9.53674295089968e-9,9.53674295089968e-9],[3,-1.4270028822727789e-8,1.1971259630237685e-8,0.2272718119018824,0.973831362975559],[1,-0.0000021235825134020004,0.0000019042678440892347,26.273009861417382]],[1,"Bip001 R Finger1",16,[-62],[0,"82bTNINCBPmJ2ILjIp37Jp",1,0],[1,0.0274491924792528,3.55271359939116e-17,-1.77635679969558e-17],[3,-0.11337888446204104,0.044974067131802804,0.26157448169583625,0.9574452216024275],[1,-16.03172575313049,9.60820149720189,29.385828691128477]],[2,"Bip001 R Finger11",34,[[8,"Bip001 R Finger1Nub",-63,[0,"3291XlSyBELI0eJl26zk3W",1,0],[1,0.0161713026463985,1.90734859017994e-8,4.76837147544984e-9],[3,2.2351743567128294e-8,7.450581485102248e-9,0.9999999999999998,-2.2776580955792197e-16],[1,-1,-1,-1],[1,-179.99999914622626,-179.99999743867886,-7.01670732980089e-15]]],[0,"32QIU8T0FLsqNbA3137P8/",1,0],[1,0.00906063057482243,-1.77635679969558e-17,-9.53674295089968e-9],[3,-1.431420150773048e-17,-9.799500237256942e-18,0.564902715975743,0.8251575131350551],[1,-1.9878467470123597e-15,1.9955323324627663e-23,68.7910720130519]],[2,"Bone034",15,[[5,"Bone035",-64,[0,"44J/s2AKNL7KgmazvJjjdY",1,0],[1,0.035748690366745,-3.81469718035987e-8,4.76837147544984e-9],[1,8.537742569180808e-7,-0.0000025613208369770997,0.00001366037832094207]]],[0,"0ffyWCoZBCdbKt1KhGDz9A",1,0],[1,-0.0152791207656264,0.000579118728637695,-0.00220670690760016],[3,0.7251697927476314,0.11207805803877634,-0.0998686200007567,0.6720070976795991],[1,94.11271067382081,17.19331129101805,1.623200363856074]],[11,"Bone010",5,[-65],[0,"71G4MH9oBMErHFYmvzpoaf",1,0],[1,0.0411374643445015,0.0261448547244072,-0.0469603016972542],[3,0.8239252528540238,-0.002338021982640847,-0.04271105656801469,0.5650818321353865],[1,-1,-1,-1],[1,111.21360758559376,3.8894333819385167,-2.987793011844311]],[2,"Bone011",37,[[5,"Bone012",-66,[0,"e2MuxQVVNEWqXWvaEiZju0",1,0],[1,0.0205552484840155,-1.90734859017994e-8,0],[1,-2.1344346245177314e-7,0.0000017075472956837482,0.000001707547289322637]]],[0,"0doroZ1LFEbafU9ZC5Hcki",1,0],[1,0.036371536552906,1.52587887214395e-7,-4.44089199923895e-18],[3,-0.03272386361747892,-0.12125723412136162,-0.11503075393539615,0.9853901550006658],[1,-5.432992586412846,-14.632538004431057,-12.636466786699307]],[1,"Bone007",5,[-67],[0,"04AA95XHdGrp3znpfRGUfR",1,0],[1,0.0411375425755978,0.0261447299271822,0.0476522371172905],[3,-0.002105982453361943,0.8243532560962934,0.5653290600556036,0.02898840902831019],[1,-68.84131164082963,177.12276724489638,1.679226346426385]],[2,"Bone008",39,[[4,"Bone009",-68,[0,"8eAKLjjZJOFodI5U5Si1bn",1,0],[1,0.0205552484840155,-1.43051144263495e-8,0]]],[0,"caFkd+balNrqXlHKSqQ8dB",1,0],[1,0.036371573805809,1.47819520179837e-7,4.76837147544984e-9],[3,-0.03336302913742696,-0.11627139818318101,-0.10620942640729651,0.986958675930019],[1,-5.3050287900542905,-13.979308503730953,-11.647520301806278]],[1,"Bone013",5,[-69],[0,"b8cAgi2+1CcYP8NgIINbSe",1,0],[1,0.128006279468536,-0.0440858751535416,-3.99351094415579e-8],[3,0.7465339344424222,-0.6653473414132212,-2.6501567309989997e-7,-4.5326484861496263e-7],[1,-179.99948544882534,0.0004992724349679677,-83.4179559941205]],[1,"Bone014",41,[-70],[0,"29qzuAHBRIZp7b4VOSlToV",1,0],[1,0.0254773609340191,-7.10542719878232e-17,5.9604643443123e-10],[3,0.009558563164093922,-0.018773278306787176,0.44150835476255884,0.8970097940193922],[1,3.1647354301685353,-3.953601755491472,52.34614090196158]],[1,"Bone015",42,[-71],[0,"16smP5hSNLlKOBZDgS8kcj",1,0],[1,0.0330680459737778,2.67028809730618e-7,0],[3,0.004587434843915747,-0.016105972743092622,0.2617620909087224,0.9649871298865315],[1,1.1475624782430163,-2.223486070411442,30.334427729760442]],[2,"Bone016",43,[[4,"Bone017",-72,[0,"d7wXl1kM9Gj4cimdmtq+hN",1,0],[1,0.050360944122076,2.38418564890708e-8,4.44089199923895e-18]]],[0,"2aeNRM/rlFsIucFcVc3FX4",1,0],[1,0.0445983484387398,-1.90734859017994e-8,0],[3,-0.00018519483208176904,0.0007019976012660881,0.24774835915926283,0.9688241447425509],[1,-0.04615578877419231,0.09483454098800634,28.688597387852138]],[1,"Bip001 L Thigh",6,[-73],[0,"29FPI+A2tP7pm6S7r73Heg",1,0],[1,-0.0193801298737526,-0.00792174786329269,0.0253005493432283],[3,0.14331308233556944,0.955216065232557,0.1684644248863025,-0.19657916141045378],[1,-22.743333294920696,-154.32455665540792,11.979208480088715]],[1,"Bip001 L Calf",45,[-74],[0,"25lwDVulJOGZ6T/C489B+e",1,0],[1,0.0852524265646935,1.19209286886246e-9,-4.76837147544984e-9],[3,8.713737534349427e-18,8.975110071514705e-18,-0.18160713219982935,0.9833711657020221],[1,1.2512282512698889e-15,1.276937817340206e-15,-20.9267694397257]],[1,"Bip001 L Foot",46,[-75],[0,"93m55MPgNBpI9us6Vy4nPW",1,0],[1,0.0870854929089546,-4.76837147544984e-9,-8.88178399847791e-18],[3,-0.09186316077550341,-0.11178604265155968,0.16106782495909178,0.9762797734889243],[1,-8.751622514270878,-11.551556626992117,19.574517776043002]],[2,"Bip001 L Toe0",47,[[8,"Bip001 L Toe0Nub",-76,[0,"941gDMFmBPyZlAkTuSZZ+G",1,0],[1,0.0134100401774049,-1.11022299980974e-18,8.88178399847791e-18],[3,6.51925713412993e-9,6.07153257950913e-18,1,-6.12323426292584e-17],[1,-1,-1,-1],[1,-180,-179.99999925294816,-7.016709600175252e-15]]],[0,"20bdKxDbFMdaZKknLRGk2z",1,0],[1,0.0277349539101124,0.0302937887609005,-4.76837147544984e-9],[3,-0.025492170813628794,-0.050592519319139696,0.7613292332888525,0.6458857056445507],[1,164.63853394093493,-170.8281941896277,80.41606716990543]],[1,"Bip001 R Thigh",6,[-77],[0,"b0r2M6PbRAD5bmrnrMiFU/",1,0],[1,-0.0198341552168131,0.0217791311442852,-0.022815827280283],[3,0.35681909133035355,0.9231584023033228,0.12957571378006535,-0.06057090652568955],[1,-21.645195534130888,-164.5265701254001,40.02367186753153]],[1,"Bip001 R Calf",49,[-78],[0,"aexHIiC1ZJCq+8JXOqC4ci",1,0],[1,0.085252434015274,-4.76837147544984e-9,4.76837147544984e-9],[3,6.375524023565703e-18,-3.2419448241896936e-18,-0.2235398025163153,0.9746948018179674],[1,6.988965930360067e-16,-2.2085713896554764e-16,-25.834056298887603]],[1,"Bip001 R Foot",50,[-79],[0,"99Brj+XbJPHpegBvyLScUi",1,0],[1,0.0870855003595352,2.38418573772492e-9,0],[3,0.02997536691124248,0.06035928267334049,0.016259822561196076,0.9975940319308122],[1,3.31820740219733,6.8650401827345195,2.066533100019784]],[2,"Bip001 R Toe0",51,[[4,"Bip001 R Toe0Nub",-80,[0,"8broKwGWtBt7TtWnKtQmjD",1,0],[1,0.0134100383147597,1.49011608607807e-10,4.76837147544984e-9]]],[0,"27MNsskd1EJLdKHADd5o+c",1,0],[1,0.0277349520474672,0.030293783172965,0],[3,0.007997451497218587,0.010018445735700465,0.7311307922398207,0.6821168786603677],[1,-176.9084969183537,178.36921606440907,86.02430541215986]],[1,"Bone026",4,[-81],[0,"98FsZTDQ5AyriFdjG8rBSg",1,0],[1,0.0240886304527521,0.00408209068700671,0.0400853343307972],[3,0.2706618233150323,-0.03944831603454375,0.9618442384989928,0.006455124174905528],[1,175.44685530872644,-148.58727873527968,-0.5120396190641077]],[1,"Bone027",53,[-82],[0,"74Ozk3KRNKOqO/TvkwnTGv",1,0],[1,0.0396637804806232,-2.98023217215615e-10,3.81469718035987e-8],[3,0.018787115656702998,0.07420205263432623,0.007369437659591451,0.9970390118038189],[1,2.0845869379100193,8.494261702221902,1.0017714166420786]],[2,"Bone028",54,[[5,"Bone029",-83,[0,"fcVkYwUqtP4LMb0FCoEcKV",1,0],[1,0.0245457552373409,2.38418573772492e-9,0],[1,0.0000014941035119959447,0.0000017075473513434853,0.000011099057423534569]]],[0,"56EqACUFhD1LD3kLKQJXEB",1,0],[1,0.0279480833560228,-1.19209286886246e-9,-9.53674295089968e-9],[3,-0.10935427902891212,0.040012560453148834,0.03352197976935917,0.992631307956984],[1,-12.717702067885426,4.985997474090513,3.31347645437607]],[1,"Bone018",4,[-84],[0,"cfGnDl1jhAq4AFhsGenHcm",1,0],[1,0.023502329364419,0.0293499100953341,-4.88758082894947e-8],[3,0.14630493326287933,0.7026693131059562,0.681420555550548,0.1432366203012722],[1,-88.2159828420685,179.88082668033962,23.629246064476334]],[1,"Bone019",56,[-85],[0,"1f77c7gudCe4rawkGY+Ml4",1,0],[1,0.0404335185885429,5.9604643443123e-10,0],[3,0.0013366165795846018,0.07999474550526303,0.016056539481329613,0.9966650599311446],[1,0.005471178899228581,9.17763314608882,1.8463797363486667]],[2,"Bone020",57,[[4,"Bone021",-86,[0,"15GBwTZ7ZEDr3MdcnhdCjP",1,0],[1,0.022596187889576,5.9604643443123e-10,-9.53674295089968e-9]]],[0,"650qEH2F1J8YcPmDhREYzt",1,0],[1,0.0290823075920343,5.55111499904869e-19,-1.62124635494365e-7],[3,0.9924123545226176,0.009901002306870207,-0.12254835983849306,-0.0012602559618490352],[1,-179.9957200701034,14.079059301418095,1.1437363074404392]],[1,"Bone030",4,[-87],[0,"7fbXEfZHVBOYNLKLVDIBE+",1,0],[1,0.0249930750578642,-0.0320177488029003,1.19209289550781e-7],[3,0.20170812311947356,-0.6777257324326501,0.688682377446267,-0.16036909821160925],[1,91.9736979692258,-176.01228101496932,-29.623095583184117]],[1,"Bone031",59,[-88],[0,"8cinSEYQdHr5ATa62nKhNP",1,0],[1,0.0334529504179955,-1.49011608607807e-10,0],[3,0.0009400331735217041,0.1194288726903305,0.007677341787457989,0.9928126304236002],[1,0.0018772954047025826,13.718682532659683,0.8863356272128574]],[2,"Bone032",60,[[5,"Bone033",-89,[0,"daVwj2w6VIb66Oi58T1RsX",1,0],[1,0.026835735887289,-2.98023217215615e-10,0],[1,0.000004682415031994313,-0.000004268867626356211,0.000005122641295965036]]],[0,"3bndFjFzFMjrVHhia1ZDFg",1,0],[1,0.0296579729765654,-5.9604643443123e-10,0],[3,0.00004792479783835246,0.06475918054222536,0.0007008544699147011,0.9979006739359008],[1,0.0002793088253130295,7.42605378198598,0.0804990747510073]],[1,"Bone022",4,[-90],[0,"b6lp6tUw9MZaWUBHUJwo/a",1,0],[1,0.0240887068212032,0.0038597893435508,-0.0400852859020233],[3,0.025910414232545993,0.966363708547948,-0.029627324415484824,0.254149670241246],[1,4.041270829948719,150.45942841122292,2.0068064191986204]],[1,"Bone023",62,[-91],[0,"2fC8BR9jJNFLOZV24eQvJ3",1,0],[1,0.0396552830934525,0,-9.53674295089968e-9],[3,-0.010654713291181766,0.093121337217754,0.019396348405669766,0.9954087980864876],[1,-1.4234130763293438,10.715107429308716,2.099227174285076]],[12,"Bone024",63,[[4,"Bone025",-92,[0,"71dr7/IShODqsks29tMePW",1,0],[1,0.0245457552373409,-4.44089199923895e-18,1.77635679969558e-17]]],[0,"60digm4NVJyKtkp59Ow7ck",1,0],[1,0.027948159724474,2.22044599961948e-18,4.76837129781416e-8],[3,0.11041045391904174,0.055872322156112264,-0.020506568630073538,0.992102462412676],[1,1,1,0.999998986721039],[1,12.7946526963822,6.628820765399839,-1.6246365596755872]],[11,"body",3,[-93],[0,"baOL1oHyBG0ozL2B9+oo7y",1,0],[1,0,0,0.5],[3,-0.7071067811865475,0,0,0.7071067811865476],[1,2,2,2],[1,-90,0,0]],[10,"RootNode",65,[-94],[0,"61g02IeoNHMaFm4a19IAHx",1,0]],[21,"arrow",66,[[31,-95,[3,"a93EZmDcFc6J4T2shaflBE"],[3],[13],4]],[0,"d0P5zBMYpALKtX0xGL3N9G",1,0],[1,0,0,-0.000230839214054868],[1,2,2,2],[1,0.000009334667642611398,0,0]],[32,2,[3,"7eCaKfHhxT466CGQ70/pup"],[5,6,7,8,9],[[14,"RootNode/Bip001/Bip001 Pelvis/Bip001 Spine/Bip001 Spine1/Bip001 Neck/Bip001 L Clavicle/Bip001 L UpperArm/Bip001 L Forearm/Bip001 L Hand/gongjian",17],[14,"RootNode/Bip001/Bip001 Pelvis/Bip001 Spine/Bip001 Spine1/Bip001 Neck/Bip001 L Clavicle/Bip001 L UpperArm/Bip001 L Forearm/Bip001 L Hand/gongjian/gongjian_la",10]]],[33,2,[3,"eagmxtIxdNIZwfux1kMBa/"],17,10,3,68],[34,0.1,0.35,1,[3,"a8pSxc/2tBFKb6POqO6ocK"],[1,0,0.25,0]],[27,2,false,0,0.5,false,1,[3,"86P+XZTqFIlbDywX4A5xsr"],[1,0,0,0]]],0,[0,3,1,0,-1,70,0,-2,71,0,4,70,0,5,71,0,6,69,0,1,1,0,1,1,0,-1,2,0,-1,68,0,-2,69,0,-1,11,0,-2,17,0,-3,10,0,1,3,0,1,3,0,1,3,0,1,3,0,-1,65,0,-1,6,0,-2,53,0,-3,56,0,-4,59,0,-5,62,0,0,5,0,-2,37,0,-3,39,0,-4,41,0,-1,13,0,-2,45,0,-3,49,0,-1,19,0,-2,30,0,-1,21,0,-2,23,0,-3,9,0,-1,25,0,-2,27,0,0,9,0,-1,18,0,-2,12,0,0,12,0,0,13,0,-1,20,0,-2,29,0,-1,31,0,-2,36,0,-1,32,0,-2,34,0,1,18,0,-1,22,0,0,22,0,-1,24,0,0,24,0,-1,26,0,0,26,0,-1,28,0,0,28,0,0,29,0,-1,33,0,0,33,0,-1,35,0,0,35,0,0,36,0,-1,38,0,0,38,0,-1,40,0,0,40,0,-1,42,0,-1,43,0,-1,44,0,0,44,0,-1,46,0,-1,47,0,-1,48,0,0,48,0,-1,50,0,-1,51,0,-1,52,0,0,52,0,-1,54,0,-1,55,0,0,55,0,-1,57,0,-1,58,0,0,58,0,-1,60,0,-1,61,0,0,61,0,-1,63,0,-1,64,0,0,64,0,-1,66,0,-1,67,0,1,67,0,7,1,3,0,10,4,0,12,5,0,7,7,0,13,8,0,20,14,0,19,15,0,30,16,0,31,95],[0,0,0,0,0,0,0,0,0,0,68],[-1,2,8,-1,2,-1,-2,-3,-4,-5,9],[0,2,3,0,4,1,5,6,7,8,1]],[[[35,"Skin-0",4204571687,["RootNode/Bip001/Bip001 Pelvis/Bip001 Spine/Bip001 R Thigh/Bip001 R Calf/Bip001 R Foot","RootNode/Bip001/Bip001 Pelvis/Bip001 Spine/Bip001 R Thigh/Bip001 R Calf/Bip001 R Foot/Bip001 R Toe0","RootNode/Bip001/Bip001 Pelvis/Bip001 Spine/Bip001 L Thigh/Bip001 L Calf/Bip001 L Foot","RootNode/Bip001/Bip001 Pelvis/Bip001 Spine/Bip001 R Thigh/Bip001 R Calf","RootNode/Bip001/Bip001 Pelvis/Bip001 Spine/Bip001 R Thigh","RootNode/Bip001/Bip001 Pelvis/Bip001 Spine/Bip001 L Thigh","RootNode/Bip001/Bip001 Pelvis/Bip001 Spine/Bip001 L Thigh/Bip001 L Calf","RootNode/Bip001/Bip001 Pelvis/Bip001 Spine","RootNode/Bip001/Bip001 Pelvis","RootNode/Bip001/Bip001 Pelvis/Bip001 Spine/Bip001 Spine1","RootNode/Bip001","RootNode/Bip001/Bip001 Pelvis/Bip001 Spine/Bip001 Spine1/Bip001 Neck/Bip001 Head","RootNode/Bip001/Bip001 Pelvis/Bip001 Spine/Bip001 Spine1/jiantong","RootNode/Bip001/Bip001 Pelvis/Bip001 Spine/Bip001 Spine1/Bip001 Neck","RootNode/Bip001/Bip001 Pelvis/Bip001 Spine/Bip001 Spine1/Bip001 Neck/Bip001 R Clavicle","RootNode/Bip001/Bip001 Pelvis/Bip001 Spine/Bip001 Spine1/Bip001 Neck/Bip001 R Clavicle/Bip001 R UpperArm","RootNode/Bip001/Bip001 Pelvis/Bip001 Spine/Bip001 Spine1/Bip001 Neck/Bip001 R Clavicle/Bip001 R UpperArm/Bone034","RootNode/Bip001/Bip001 Pelvis/Bip001 Spine/Bip001 Spine1/Bip001 Neck/Bip001 R Clavicle/Bip001 R UpperArm/Bone034/Bone035","RootNode/Bip001/Bip001 Pelvis/Bip001 Spine/Bip001 Spine1/Bip001 Neck/Bip001 L Clavicle","RootNode/Bip001/Bip001 Pelvis/Bip001 Spine/Bip001 Spine1/Bip001 Neck/Bip001 Head/Bone013/Bone014/Bone015/Bone016/Bone017","RootNode/Bip001/Bip001 Pelvis/Bip001 Spine/Bip001 Spine1/Bip001 Neck/Bip001 Head/Bone010/Bone011","RootNode/Bip001/Bip001 Pelvis/Bip001 Spine/Bip001 Spine1/Bip001 Neck/Bip001 Head/Bone010/Bone011/Bone012","RootNode/Bip001/Bip001 Pelvis/Bone018","RootNode/Bip001/Bip001 Pelvis/Bone022","RootNode/Bip001/Bip001 Pelvis/Bone030","RootNode/Bip001/Bip001 Pelvis/Bone030/Bone031","RootNode/Bip001/Bip001 Pelvis/Bone018/Bone019","RootNode/Bip001/Bip001 Pelvis/Bone022/Bone023","RootNode/Bip001/Bip001 Pelvis/Bone022/Bone023/Bone024","RootNode/Bip001/Bip001 Pelvis/Bone022/Bone023/Bone024/Bone025","RootNode/Bip001/Bip001 Pelvis/Bone030/Bone031/Bone032","RootNode/Bip001/Bip001 Pelvis/Bone030/Bone031/Bone032/Bone033","RootNode/Bip001/Bip001 Pelvis/Bone018/Bone019/Bone020","RootNode/Bip001/Bip001 Pelvis/Bone018/Bone019/Bone020/Bone021","RootNode/Bip001/Bip001 Pelvis/Bip001 Spine/Bip001 Spine1/Bip001 Neck/Bip001 Head/Bone013","RootNode/Bip001/Bip001 Pelvis/Bip001 Spine/Bip001 Spine1/Bip001 Neck/Bip001 Head/Bone013/Bone014","RootNode/Bip001/Bip001 Pelvis/Bip001 Spine/Bip001 Spine1/Bip001 Neck/Bip001 Head/Bone013/Bone014/Bone015","RootNode/Bip001/Bip001 Pelvis/Bip001 Spine/Bip001 Spine1/Bip001 Neck/Bip001 Head/Bone013/Bone014/Bone015/Bone016","RootNode/Bip001/Bip001 Pelvis/Bip001 Spine/Bip001 L Thigh/Bip001 L Calf/Bip001 L Foot/Bip001 L Toe0","RootNode/Bip001/Bip001 Pelvis/Bip001 Spine/Bip001 Spine1/Bip001 Neck/Bip001 L Clavicle/Bip001 L UpperArm","RootNode/Bip001/Bip001 Pelvis/Bip001 Spine/Bip001 Spine1/Bip001 Neck/Bip001 L Clavicle/Bip001 L UpperArm/Bone036","RootNode/Bip001/Bip001 Pelvis/Bip001 Spine/Bip001 Spine1/Bip001 Neck/Bip001 L Clavicle/Bip001 L UpperArm/Bone036/Bone037","RootNode/Bip001/Bip001 Pelvis/Bip001 Spine/Bip001 Spine1/Bip001 Neck/Bip001 Head/Bone007/Bone008","RootNode/Bip001/Bip001 Pelvis/Bip001 Spine/Bip001 Spine1/Bip001 Neck/Bip001 Head/Bone007/Bone008/Bone009","RootNode/Bip001/Bip001 Pelvis/Bone026","RootNode/Bip001/Bip001 Pelvis/Bone026/Bone027","RootNode/Bip001/Bip001 Pelvis/Bone026/Bone027/Bone028","RootNode/Bip001/Bip001 Pelvis/Bone026/Bone027/Bone028/Bone029","RootNode/Bip001/Bip001 Pelvis/Bip001 Spine/Bip001 Spine1/Bip001 Neck/Bip001 Head/Bone010","RootNode/Bip001/Bip001 Pelvis/Bip001 Spine/Bip001 Spine1/Bip001 Neck/Bip001 Head/Bone007","RootNode/Bip001/Bip001 Pelvis/Bip001 Spine/Bip001 Spine1/Bip001 Neck/Bip001 L Clavicle/Bip001 L UpperArm/Bip001 L Forearm/Bip001 L Hand/gongjian/Bone004/Bone005","RootNode/Bip001/Bip001 Pelvis/Bip001 Spine/Bip001 Spine1/Bip001 Neck/Bip001 L Clavicle/Bip001 L UpperArm/Bip001 L Forearm/Bip001 L Hand/gongjian/Bone004/Bone005/Bone006","RootNode/Bip001/Bip001 Pelvis/Bip001 Spine/Bip001 Spine1/Bip001 Neck/Bip001 L Clavicle/Bip001 L UpperArm/Bip001 L Forearm/Bip001 L Hand/gongjian","RootNode/Bip001/Bip001 Pelvis/Bip001 Spine/Bip001 Spine1/Bip001 Neck/Bip001 L Clavicle/Bip001 L UpperArm/Bip001 L Forearm/Bip001 L Hand/gongjian/Bone004","RootNode/Bip001/Bip001 Pelvis/Bip001 Spine/Bip001 Spine1/Bip001 Neck/Bip001 L Clavicle/Bip001 L UpperArm/Bip001 L Forearm/Bip001 L Hand","RootNode/Bip001/Bip001 Pelvis/Bip001 Spine/Bip001 Spine1/Bip001 Neck/Bip001 L Clavicle/Bip001 L UpperArm/Bip001 L Forearm/Bip001 L Hand/Bip001 L Finger1","RootNode/Bip001/Bip001 Pelvis/Bip001 Spine/Bip001 Spine1/Bip001 Neck/Bip001 L Clavicle/Bip001 L UpperArm/Bip001 L Forearm/Bip001 L Hand/Bip001 L Finger1/Bip001 L Finger11","RootNode/Bip001/Bip001 Pelvis/Bip001 Spine/Bip001 Spine1/Bip001 Neck/Bip001 L Clavicle/Bip001 L UpperArm/Bip001 L Forearm/Bip001 L Hand/gongjian/gongjian_la","RootNode/Bip001/Bip001 Pelvis/Bip001 Spine/Bip001 Spine1/Bip001 Neck/Bip001 L Clavicle/Bip001 L UpperArm/Bip001 L Forearm/Bip001 L Hand/gongjian/Bone001/Bone002","RootNode/Bip001/Bip001 Pelvis/Bip001 Spine/Bip001 Spine1/Bip001 Neck/Bip001 L Clavicle/Bip001 L UpperArm/Bip001 L Forearm/Bip001 L Hand/gongjian/Bone001/Bone002/Bone003","RootNode/Bip001/Bip001 Pelvis/Bip001 Spine/Bip001 Spine1/Bip001 Neck/Bip001 L Clavicle/Bip001 L UpperArm/Bip001 L Forearm/Bip001 L Hand/gongjian/Bone001","RootNode/Bip001/Bip001 Pelvis/Bip001 Spine/Bip001 Spine1/Bip001 Neck/Bip001 R Clavicle/Bip001 R UpperArm/Bip001 R Forearm/Bip001 R Hand","RootNode/Bip001/Bip001 Pelvis/Bip001 Spine/Bip001 Spine1/Bip001 Neck/Bip001 R Clavicle/Bip001 R UpperArm/Bip001 R Forearm/Bip001 R Hand/Bip001 R Finger1","RootNode/Bip001/Bip001 Pelvis/Bip001 Spine/Bip001 Spine1/Bip001 Neck/Bip001 R Clavicle/Bip001 R UpperArm/Bip001 R Forearm/Bip001 R Hand/Bip001 R Finger1/Bip001 R Finger11","RootNode/Bip001/Bip001 Pelvis/Bip001 Spine/Bip001 Spine1/Bip001 Neck/Bip001 R Clavicle/Bip001 R UpperArm/Bip001 R Forearm","RootNode/Bip001/Bip001 Pelvis/Bip001 Spine/Bip001 Spine1/Bip001 Neck/Bip001 R Clavicle/Bip001 R UpperArm/Bip001 R Forearm/Bip001 R Hand/Bip001 R Finger0","RootNode/Bip001/Bip001 Pelvis/Bip001 Spine/Bip001 Spine1/Bip001 Neck/Bip001 R Clavicle/Bip001 R UpperArm/Bip001 R Forearm/Bip001 R Hand/Bip001 R Finger0/Bip001 R Finger01","RootNode/Bip001/Bip001 Pelvis/Bip001 Spine/Bip001 Spine1/Bip001 Neck/Bip001 L Clavicle/Bip001 L UpperArm/Bip001 L Forearm","RootNode/Bip001/Bip001 Pelvis/Bip001 Spine/Bip001 Spine1/Bip001 Neck/Bip001 L Clavicle/Bip001 L UpperArm/Bip001 L Forearm/Bip001 L Hand/Bip001 L Finger0","RootNode/Bip001/Bip001 Pelvis/Bip001 Spine/Bip001 Spine1/Bip001 Neck/Bip001 L Clavicle/Bip001 L UpperArm/Bip001 L Forearm/Bip001 L Hand/Bip001 L Finger0/Bip001 L Finger01"],[[[7,4.371138828673793e-8,-0.04899996519088745,-0.9987987875938416,0,-6.123234262925839e-17,-0.9987987875938416,0.04899996519088745,0,-1,-2.141856692006172e-9,-4.3658882731278936e-8,0,0.02790239453315735,0.00628758454695344,-0.02861582674086094,1],[7,-0.04899996519088745,4.3658882731278936e-8,-0.9987987875938416,0,-0.9987987875938416,-4.5853248309413175e-8,0.04899996519088745,0,-4.3658886283992615e-8,1,4.5853248309413175e-8,0,-0.0240061953663826,-0.00016744011372793466,-0.028615828603506088,1],[7,4.371138828673793e-8,0.04900270700454712,-0.998798668384552,0,-6.123234262925839e-17,-0.998798668384552,-0.04900270700454712,0,-1,2.1419765960928316e-9,-4.36588720731379e-8,0,0.02790239080786705,0.006287585943937302,0.0286157988011837,1],[7,-2.1068972344551185e-8,0.0000013735137827097788,-1,0,0.07253024727106094,-0.9973661303520203,-0.0000013714244460061309,0,-0.9973662495613098,-0.07253024727106094,-7.86078260262002e-8,0,0.11435721069574356,0.009685778990387917,-0.02827335149049759,1],[7,5.662467827960427e-8,0.000001372506176267052,-1,0,0.016022076830267906,-0.9998716711997986,-0.0000013714228543904028,0,-0.999871551990509,-0.016022078692913055,-7.860781892077284e-8,0,0.19997432827949524,0.003204406937584281,-0.02827335149049759,1],[7,-2.7537720370673924e-7,0.0000013661548337040585,-1,0,0.016022076830267906,-0.9998716711997986,-0.0000013703914873985923,0,-0.999871551990509,-0.016022078692913055,2.5345323706460476e-7,0,0.19997432827949524,0.003204406937584281,0.028273314237594604,1],[7,-3.5218042171436537e-7,0.0000013483971770256176,-1,0,0.07253024727106094,-0.9973661303520203,-0.0000013703896684091887,0,-0.9973662495613098,-0.07253024727106094,2.534532654863142e-7,0,0.11435721814632416,0.009685778990387917,0.028273314237594604,1],[7,4.851649038073447e-8,-0.0000014035521189725841,1,0,-0.035390108823776245,-0.9993736147880554,-0.0000014009559663463733,0,0.9993735551834106,-0.035390112549066544,-9.815796886414319e-8,0,-0.22068306803703308,0.00784805417060852,2.1767368352243466e-8,1],[7,0.0000013867999086869531,0.0000027577068522077752,1,0,6.123234262925839e-17,-1,0.0000027577068522077752,0,1,-3.8243271396898315e-12,-0.0000013868001360606286,0,-0.19999998807907104,7.648776360544285e-13,2.7736001584344194e-7,1],[7,-1.6969124772003852e-7,-0.0000014132363048702246,1,0,0.12378022819757462,-0.9923096895217896,-0.0000013813635177939432,0,0.9923096895217896,0.12378023564815521,3.433169695199467e-7,0,-0.26025575399398804,-0.03387313336133957,-9.395052558147654e-8,1],[7,0.000001370906943520822,1,-6.123234262925839e-17,0,-1,0.000001370906943520822,6.123225660247469e-17,0,6.123234262925839e-17,6.123225660247469e-17,1,0,3.173834523012422e-39,-1.2246468525851679e-17,-0.19999998807907104,1],[7,0.0000013430886838250444,-0.000001402693328600435,1,0,6.123234262925839e-17,-1,-0.000001402693328600435,0,1,1.8840029362976463e-12,-0.0000013430887975118821,0,-0.3386670649051666,0.01173066720366478,4.754638496251573e-7,1],[7,1.5596921087990268e-8,-4.0790886224328915e-9,-1,0,-0.9909771680831909,0.13403020799160004,-1.6002916325419392e-8,0,0.13403019309043884,0.9909772276878357,-1.951825590040812e-9,0,0.008639190346002579,-0.2871951758861542,-0.003302530385553837,1],[7,2.17043790939897e-7,-0.0000014199836186890025,1,0,-0.15832139551639557,-0.9873876571655273,-0.000001367711433886143,0,0.9873876571655273,-0.15832139551639557,-4.391201571252168e-7,0,-0.31962019205093384,0.06520096212625504,1.6890909648736852e-7,1],[7,-0.9485144019126892,-0.000001340687958872877,0.3167341947555542,0,-0.039456967264413834,0.9922108054161072,-0.11815639585256577,0,-0.3142669200897217,-0.12457041442394257,-0.9411262273788452,0,0.08695398271083832,0.029901066794991493,0.30090078711509705,1],[7,-0.7680574059486389,-0.05365787073969841,0.6381290555000305,0,-0.0057912832126021385,0.997024655342102,0.07686561346054077,0,-0.6403548121452332,0.05534161627292633,-0.7660828828811646,0,0.1609424501657486,-0.02717585302889347,0.26024898886680603,1],[7,-0.8849770426750183,0.4656343460083008,-2.2718134573551652e-7,0,1.4901158351676713e-7,-2.0468733907819114e-7,-1,0,-0.4656343460083008,-0.8849770426750183,1.1175872316471214e-7,0,0.11712684482336044,0.2948153018951416,0.008519081398844719,1],[7,-0.8849771618843079,0.46563422679901123,-2.2718135994637123e-7,0,1.49011640360186e-7,-2.0468732486733643e-7,-1,0,-0.46563422679901123,-0.8849771618843079,1.1175872316471214e-7,0,0.08137809485197067,0.2948153614997864,0.00851907953619957,1],[7,0.9485145211219788,-0.0000013797204019283527,0.31673386693000793,0,-0.03945436701178551,0.9922108054161072,0.1181572675704956,0,-0.3142669200897217,-0.12457041442394257,0.9411262273788452,0,0.08695398271083832,0.02990107052028179,-0.30090078711509705,1],[7,-1.5066149217091152e-7,1.614523803539214e-8,-1,0,-0.3208686411380768,-0.947123646736145,3.305101259343246e-8,0,-0.947123646736145,0.3208686411380768,1.478755820016886e-7,0,0.36576488614082336,-0.022842640057206154,-5.131156299853501e-8,1],[7,0.33654993772506714,-0.9098988771438599,0.2425248920917511,0,-0.22826533019542694,-0.32869699597358704,-0.9164352416992188,0,-0.9135802984237671,-0.25306621193885803,0.3183213770389557,0,0.3251253068447113,0.04061628133058548,-0.11394482105970383,1],[7,0.33654987812042236,-0.9098988175392151,0.2425248622894287,0,-0.22826531529426575,-0.32869696617126465,-0.9164352416992188,0,-0.9135801196098328,-0.25306615233421326,0.3183213770389557,0,0.3045700490474701,0.040616292506456375,-0.11394481360912323,1],[7,1.8933151579858531e-7,1.0000001192092896,-1.0558188279219394e-7,0,-0.3426055312156677,-3.432596074048888e-8,-0.9394791126251221,0,-0.9394791126251221,2.14046067981144e-7,0.3426055312156677,0,0.19992032647132874,-4.9508976474044175e-8,-0.10414676368236542,1],[7,-0.4520820081233978,-0.07733358442783356,-0.8886176347732544,0,0.03506617248058319,-0.9970054626464844,0.0689263716340065,0,-0.8912866711616516,-4.4703490686970326e-8,0.45343998074531555,0,0.18174073100090027,-0.006948268041014671,-0.13696520030498505,1],[7,3.160504888910509e-7,-1.0000001192092896,5.691949240826943e-7,0,0.49519801139831543,6.510127832370927e-7,0.8687801957130432,0,-0.8687801361083984,7.285735126316695e-9,0.49519801139831543,0,0.1796143651008606,-2.146151700799237e-8,-0.13923250138759613,1],[7,-4.631557999346114e-7,-1.0000001192092896,-9.592171181793674e-7,0,0.27073514461517334,-0.0000010487864301467198,0.9626539349555969,0,-0.9626538753509521,1.8616501051837986e-7,0.2707351744174957,0,0.17545928061008453,2.5911393919386683e-8,-0.099814273416996,1],[7,2.3392757952933607e-7,1.0000001192092896,-6.78395153386191e-8,0,-0.18256379663944244,-2.3992692277374772e-8,-0.9831938743591309,0,-0.9831938147544861,2.42381304360606e-7,0.18256379663944244,0,0.17451079189777374,-5.661105362264607e-8,-0.07634507119655609,1],[7,-0.29265397787094116,-0.05172043666243553,-0.9548184275627136,0,0.01515656802803278,-0.9986616969108582,0.049449775367975235,0,-0.9560981392860413,-9.75560681126808e-8,0.29304614663124084,0,0.16351790726184845,-0.005466461181640625,-0.11058032512664795,1],[7,-0.1854018121957779,-0.2753048539161682,-0.9433101415634155,0,0.053093865513801575,-0.9613572955131531,0.27013662457466125,0,-0.9812276363372803,-1.6391292945172609e-7,0.19285434484481812,0,0.1468181610107422,-0.020189611241221428,-0.09313374012708664,1],[7,-0.1854018121957779,-0.2753048539161682,-0.9433101415634155,0,0.053093865513801575,-0.9613572955131531,0.27013662457466125,0,-0.9812276363372803,-1.6391292945172609e-7,0.19285434484481812,0,0.12227239459753036,-0.020189616829156876,-0.09313375502824783,1],[7,-3.0101908521373844e-8,-1.0000001192092896,1.5552033971744095e-7,0,0.13820402324199677,1.4986775909164862e-7,0.9904037117958069,0,-0.9904035925865173,5.1306596304812047e-8,0.13820403814315796,0,0.1579490602016449,-1.244324554505738e-8,-0.07920227199792862,1],[7,-1.1752462825143084e-7,-1.0000001192092896,2.4294342892972054e-7,0,0.13820411264896393,2.2436974234096851e-7,0.9904037117958069,0,-0.9904035925865173,1.4997266362115624e-7,0.13820412