[1,["de+4SwlDVFD538d4u5CJFK@6c48a","69ddJSp8RJHYJeXEqCp2tl@6c48a","4eVAkIneBAg4z0XizTbwV6@1f586","d1NGQ2rJZCcbhjH0/erZWw","a7YStUNeNCOKGpSntUY1g5","c4ZR7Ys3lCPr+l4PqLZGUl","6b74aE1YFONrg70yzV44nW@c6b8f","39GngmewtOnoAZsX2NVUTy@6c48a","2axOOLYERP8YC4S5CdChkf","3fKYT4jFRJsYMJ0/+VndJ7","4eVAkIneBAg4z0XizTbwV6@cb203","4eVAkIneBAg4z0XizTbwV6@438fe","a5uFLN+w9OPLY/GhIxuDQQ","4eVAkIneBAg4z0XizTbwV6@ca16a","4eVAkIneBAg4z0XizTbwV6@bd671","4eVAkIneBAg4z0XizTbwV6@79e35","4eVAkIneBAg4z0XizTbwV6@b4251","4eVAkIneBAg4z0XizTbwV6@cf5ee"],["_parent","node","root","mainTexture","_effectAsset","_particleSystem","data","_mesh","_mainTexture","shadeMap1","shadeMap2","aniComPlayer","_skeleton","asset","_defaultClip"],[["cc.Node",["_name","_objFlags","__editorExtras__","_prefab","_parent","_lpos","_euler","_lrot","_children","_components","_lscale"],0,4,1,5,5,5,2,2,5],["cc.CurveRange",["mode","constant","constantMin","constantMax","spline"],-1,4],["cc.RealKeyframeValue",["interpolationMode","value","rightTangent","leftTangent"],-1],["cc.Material",["_states","_defines","_techIdx","_props"],0,12],["cc.Node",["_name","_components","_prefab","_lrot","_euler","_children","_lpos","_lscale","_parent"],2,9,4,5,5,2,5,5,1],["cc.GradientRange",["_mode","gradient"],2,4],["cc.Gradient",["alphaKeys","colorKeys"],3,9,9],["cc.AlphaKey",["alpha","time"],1],["cc.ShapeModule",["emitFrom","_enable","radius","_angle","arcSpeed"],-1,4],["cc.RotationOvertimeModule",["_enable","_separateAxes","x","y","z"],1,4,4,4],["cc.ParticleSystemRenderer",["_renderMode","_mainTexture","_mesh"],2,6,6],["cc.Skeleton",["_name","_hash","_joints","_bindposes"],0,12],["cc.Mesh",["_native","_hash","_struct"],1,11],["cc.Prefab",["_name"],2],["cc.Node",["_name","_parent","_children","_components","_prefab","_lrot","_euler"],2,1,2,12,4,5,5],["cc.Node",["_name","_parent","_children","_prefab","_lpos","_lrot","_euler"],2,1,12,4,5,5,5],["cc.Node",["_name","_parent","_children","_prefab","_lpos","_lrot","_euler"],2,1,9,4,5,5,5],["cc.PrefabInfo",["fileId","root","asset"],2,1,1],["cc.PrefabInfo",["fileId","root","instance","asset"],2,1,4,6],["cc.ParticleSystem",["scaleSpace","startSize3D","startRotation3D","node","__prefab","_materials","startColor","startSizeX","startSizeY","startSizeZ","startSpeed","startRotationX","startRotationY","startRotationZ","startDelay","startLifetime","gravityModifier","rateOverTime","rateOverDistance","_colorOverLifetimeModule","_shapeModule","_sizeOvertimeModule","_velocityOvertimeModule","_forceOvertimeModule","_limitVelocityOvertimeModule","_rotationOvertimeModule","_textureAnimationModule","_trailModule","renderer"],0,1,4,12,4,4,4,4,4,4,4,4,4,4,4,4,4,4,4,4,4,4,4,4,4,4,4],["cc.ParticleSystem",["scaleSpace","node","__prefab","_materials","startColor","startSizeX","startSizeY","startSizeZ","startSpeed","startRotationX","startRotationY","startRotationZ","startDelay","startLifetime","gravityModifier","rateOverTime","rateOverDistance","_colorOverLifetimeModule","_shapeModule","_sizeOvertimeModule","_velocityOvertimeModule","_forceOvertimeModule","_limitVelocityOvertimeModule","_rotationOvertimeModule","_textureAnimationModule","_trailModule","renderer"],2,1,4,3,4,4,4,4,4,4,4,4,4,4,4,4,4,4,4,4,4,4,4,4,4,4,4],["cc.CompPrefabInfo",["fileId"],2],["cc.ColorOvertimeModule",["_enable","color"],2,4],["cc.ColorKey",["color"],3,5],["cc.SizeOvertimeModule",["_enable","size","x","y","z"],2,4,4,4,4],["cc.RealCurve",["preExtrapolation","_times","_values"],1,9],["cc.VelocityOvertimeModule",["x","y","z","speedModifier"],3,4,4,4,4],["cc.ForceOvertimeModule",["x","y","z"],3,4,4,4],["cc.LimitVelocityOvertimeModule",["limitX","limitY","limitZ","limit"],3,4,4,4,4],["cc.TextureAnimationModule",["frameOverTime","startFrame"],3,4,4],["cc.TrailModule",["lifeTime","widthRatio","colorOverTrail","colorOvertime","_particleSystem"],3,4,4,4,4,1],["75fe4NpEqNMNZSSj5Z9vDnA",["node","__prefab"],3,1,4],["cc.CapsuleCollider",["_radius","_cylinderHeight","node","__prefab","_center"],1,1,4,5],["cc.RigidBody",["_group","_allowSleep","_linearDamping","_angularDamping","_useGravity","node","__prefab","_angularFactor"],-2,1,4,5],["661afbK8/hPNbWGsBzk8GsI",["node","__prefab"],3,1,4],["15aa8oJcxdFKKBQnRjjhjLX",["node","__prefab","aniComPlayer"],3,1,4,1],["cc.TargetInfo",["localID"],2],["cc.SkinnedMeshRenderer",["_shadowCastingMode","node","__prefab","_materials","lightmapSettings","_skinningRoot","_mesh","_skeleton"],2,1,4,3,4,1,6,6],["cc.ModelLightmapSettings",[],3],["cc.PrefabInstance",["fileId","prefabRootNode","propertyOverrides"],2,1,9],["CCPropertyOverrideInfo",["value","propertyPath","targetInfo"],1,1],["CCPropertyOverrideInfo",["propertyPath","targetInfo","value"],2,1,8],["cc.SkeletalAnimation",["playOnLoad","node","__prefab","_clips","_sockets"],2,1,4,3,9],["cc.SkeletalAnimation.Socket",["path","target"],2,1]],[[17,0,1,2,2],[1,1],[0,0,4,8,3,5,7,6,2],[1,1,2],[16,0,1,2,3,4,5,6,2],[1,0,2,3,4],[21,0,2],[5,1],[0,0,4,3,5,7,10,6,2],[7,0,1,3],[0,0,8,3,5,7,6,2],[0,0,4,3,5,6,2],[0,0,4,3,5,2],[41,0,1,2,2],[13,0,2],[5,0,1,2],[1,0,4,2],[22,0,1,2],[24,0,1,2,3,4,2],[25,0,1,2,3],[2,0,1,3],[26,0,1,2,3,1],[27,0,1,2,1],[28,0,1,2,3,1],[29,0,1,1],[30,0,1,2,3,4,1],[3,2,0,1,3,4],[3,0,1,3,3],[11,0,1,2,3,4],[12,0,1,2,3],[0,0,8,3,5,2],[0,0,4,9,3,5,7,6,2],[0,0,4,9,3,7,6,2],[0,0,4,8,3,2],[0,0,4,3,5,7,6,2],[0,0,4,8,3,7,6,2],[0,1,2,4,3,3],[4,0,5,1,2,6,3,7,4,2],[4,0,8,1,2,3,4,2],[14,0,1,2,3,4,5,6,2],[15,0,1,2,3,4,5,6,2],[18,0,1,2,3,2],[19,0,1,2,3,4,5,6,7,8,9,10,11,12,13,14,15,16,17,18,19,20,21,22,23,24,25,26,27,28,4],[20,0,1,2,3,4,5,6,7,8,9,10,11,12,13,14,15,16,17,18,19,20,21,22,23,24,25,26,2],[6,1,0,1],[6,0,1],[23,0,1],[7,0,2],[8,0,4,2],[8,1,0,2,3,4,5],[2,0,1,2,3,5],[2,0,2,3,4],[9,0,1,2,3,4,3],[9,0,2,3,4,2],[10,0,2,1,2],[10,1,1],[31,0,1,1],[32,0,1,2,3,4,3],[33,0,1,2,3,4,5,6,7,6],[34,0,1,1],[35,0,1,2,1],[36,0,2],[37,0,1,2,3,4,5,6,7,2],[38,1],[39,0,1,2,2],[40,0,1,2,3],[42,0,1,2,3,4,2],[43,0,1,2]],[[[[26,1,[{"rasterizerState":{},"depthStencilState":{},"blendState":{"targets":[{}]}}],[{}],[[[{},"tintColor",8,[4,2157352598],"mainTexture",6,0]],11]]],0,0,[0,0],[3,4],[1,3]],[[[27,[{"rasterizerState":{},"depthStencilState":{},"blendState":{"targets":[{}]}},{"rasterizerState":{},"depthStencilState":{},"blendState":{"targets":[{}]}},{},{}],[{"USE_INSTANCING":true},{"USE_INSTANCING":true,"USE_BASE_COLOR_MAP":true,"USE_1ST_SHADE_MAP":true,"USE_2ND_SHADE_MAP":true},{},{}],[[{},[{},"mainColor",8,[4,4286085240],"shadeColor1",8,[4,4286085240],"shadeColor2",8,[4,4286085240],"specular",8,[4,16777215],"mainTexture",6,0,"shadeMap1",6,1,"shadeMap2",6,2],{},{}],0,11,0,0]]],0,0,[0,0,0,0],[3,9,10,4],[0,0,0,4]],[[[28,"Skin-0",1759382128,["RootNode/Bip001/Bip001 Pelvis/Bip001 Spine","RootNode/Bip001/Bip001 Pelvis/Bip001 Spine/Bip001 Spine1","RootNode/Bip001/Bip001 Pelvis/Bip001 Spine/Bip001 Spine1/Bip001 Neck/Bip001 Head","RootNode/Bip001","RootNode/Bip001/Bip001 Pelvis","RootNode/Bip001/Bip001 Pelvis/Bone001","RootNode/Bip001/Bip001 Pelvis/Bip001 Spine/Bip001 Spine1/Bip001 Neck","RootNode/Bip001/Bip001 Pelvis/Bone001/Bone002","RootNode/Bip001/Bip001 Pelvis/Bip001 Spine/Bip001 Spine1/Bip001 Neck/Bip001 L Clavicle/Bip001 L UpperArm","RootNode/Bip001/Bip001 Pelvis/Bip001 Spine/Bip001 Spine1/Bip001 Neck/Bip001 L Clavicle/Bip001 L UpperArm/Bip001 L Forearm","RootNode/Bip001/Bip001 Pelvis/Bip001 Spine/Bip001 Spine1/Bip001 Neck/Bip001 L Clavicle/Bip001 L UpperArm/Bip001 L Forearm/Bip001 L Hand","RootNode/Bip001/Bip001 Pelvis/Bip001 Spine/Bip001 Spine1/Bip001 Neck/Bip001 L Clavicle","RootNode/Bip001/Bip001 Pelvis/Bone001/Bone002/Bone003","RootNode/Bip001/Bip001 Pelvis/Bip001 Spine/Bip001 L Thigh","RootNode/Bip001/Bip001 Pelvis/Bip001 Spine/Bip001 Spine1/Bip001 Neck/Bip001 L Clavicle/Bip001 L UpperArm/Bip001 L Forearm/Bip001 L Hand/Bip001 L Finger0","RootNode/Bip001/Bip001 Pelvis/Bip001 Spine/Bip001 Spine1/Bip001 Neck/Bip001 L Clavicle/Bip001 L UpperArm/Bip001 L Forearm/Bip001 L Hand/Bip001 L Finger0/Bip001 L Finger01","RootNode/Bip001/Bip001 Pelvis/Bip001 Spine/Bip001 Spine1/Bip001 Neck/Bip001 L Clavicle/Bip001 L UpperArm/Bip001 L Forearm/Bip001 L Hand/Bip001 L Finger0/Bip001 L Finger01/Bip001 L Finger02","RootNode/Bip001/Bip001 Pelvis/Bip001 Spine/Bip001 Spine1/Bip001 Neck/Bip001 L Clavicle/Bip001 L UpperArm/Bip001 L Forearm/Bip001 L Hand/Bip001 L Finger1","RootNode/Bip001/Bip001 Pelvis/Bip001 Spine/Bip001 Spine1/Bip001 Neck/Bip001 L Clavicle/Bip001 L UpperArm/Bip001 L Forearm/Bip001 L Hand/Bip001 L Finger1/Bip001 L Finger11","RootNode/Bip001/Bip001 Pelvis/Bip001 Spine/Bip001 Spine1/Bip001 Neck/Bip001 L Clavicle/Bip001 L UpperArm/Bip001 L Forearm/Bip001 L Hand/Bip001 L Finger2","RootNode/Bip001/Bip001 Pelvis/Bip001 Spine/Bip001 Spine1/Bip001 Neck/Bip001 L Clavicle/Bip001 L UpperArm/Bip001 L Forearm/Bip001 L Hand/Bip001 L Finger1/Bip001 L Finger11/Bip001 L Finger12","RootNode/Bip001/Bip001 Pelvis/Bip001 Spine/Bip001 Spine1/Bip001 Neck/Bip001 L Clavicle/Bip001 L UpperArm/Bip001 L Forearm/Bip001 L Hand/Bip001 L Finger2/Bip001 L Finger21","RootNode/Bip001/Bip001 Pelvis/Bip001 Spine/Bip001 Spine1/Bip001 Neck/Bip001 L Clavicle/Bip001 L UpperArm/Bip001 L Forearm/Bip001 L Hand/Bip001 L Finger2/Bip001 L Finger21/Bip001 L Finger22","RootNode/Bip001/Bip001 Pelvis/Bip001 Spine/Bip001 Spine1/Bip001 Neck/Bip001 L Clavicle/Bip001 L UpperArm/Bip001 L Forearm/Bip001 L Hand/Bip001 L Finger3","RootNode/Bip001/Bip001 Pelvis/Bip001 Spine/Bip001 Spine1/Bip001 Neck/Bip001 L Clavicle/Bip001 L UpperArm/Bip001 L Forearm/Bip001 L Hand/Bip001 L Finger3/Bip001 L Finger31","RootNode/Bip001/Bip001 Pelvis/Bip001 Spine/Bip001 Spine1/Bip001 Neck/Bip001 L Clavicle/Bip001 L UpperArm/Bip001 L Forearm/Bip001 L Hand/Bip001 L Finger3/Bip001 L Finger31/Bip001 L Finger32","RootNode/Bip001/Bip001 Pelvis/Bip001 Spine/Bip001 Spine1/Bip001 Neck/Bip001 R Clavicle/Bip001 R UpperArm","RootNode/Bip001/Bip001 Pelvis/Bip001 Spine/Bip001 Spine1/Bip001 Neck/Bip001 R Clavicle/Bip001 R UpperArm/Bip001 R Forearm","RootNode/Bip001/Bip001 Pelvis/Bip001 Spine/Bip001 Spine1/Bip001 Neck/Bip001 R Clavicle/Bip001 R UpperArm/Bip001 R Forearm/Bip001 R Hand","RootNode/Bip001/Bip001 Pelvis/Bip001 Spine/Bip001 Spine1/Bip001 Neck/Bip001 R Clavicle","RootNode/Bip001/Bip001 Pelvis/Bip001 Spine/Bip001 R Thigh","RootNode/Bip001/Bip001 Pelvis/Bip001 Spine/Bip001 Spine1/Bip001 Neck/Bip001 R Clavicle/Bip001 R UpperArm/Bip001 R Forearm/Bip001 R Hand/Bip001 R Finger0","RootNode/Bip001/Bip001 Pelvis/Bip001 Spine/Bip001 Spine1/Bip001 Neck/Bip001 R Clavicle/Bip001 R UpperArm/Bip001 R Forearm/Bip001 R Hand/Bip001 R Finger0/Bip001 R Finger01","RootNode/Bip001/Bip001 Pelvis/Bip001 Spine/Bip001 Spine1/Bip001 Neck/Bip001 R Clavicle/Bip001 R UpperArm/Bip001 R Forearm/Bip001 R Hand/Bip001 R Finger0/Bip001 R Finger01/Bip001 R Finger02","RootNode/Bip001/Bip001 Pelvis/Bip001 Spine/Bip001 Spine1/Bip001 Neck/Bip001 R Clavicle/Bip001 R UpperArm/Bip001 R Forearm/Bip001 R Hand/Bip001 R Finger1","RootNode/Bip001/Bip001 Pelvis/Bip001 Spine/Bip001 Spine1/Bip001 Neck/Bip001 R Clavicle/Bip001 R UpperArm/Bip001 R Forearm/Bip001 R Hand/Bip001 R Finger1/Bip001 R Finger11","RootNode/Bip001/Bip001 Pelvis/Bip001 Spine/Bip001 Spine1/Bip001 Neck/Bip001 R Clavicle/Bip001 R UpperArm/Bip001 R Forearm/Bip001 R Hand/Bip001 R Finger2","RootNode/Bip001/Bip001 Pelvis/Bip001 Spine/Bip001 Spine1/Bip001 Neck/Bip001 R Clavicle/Bip001 R UpperArm/Bip001 R Forearm/Bip001 R Hand/Bip001 R Finger1/Bip001 R Finger11/Bip001 R Finger12","RootNode/Bip001/Bip001 Pelvis/Bip001 Spine/Bip001 Spine1/Bip001 Neck/Bip001 R Clavicle/Bip001 R UpperArm/Bip001 R Forearm/Bip001 R Hand/Bip001 R Finger2/Bip001 R Finger21","RootNode/Bip001/Bip001 Pelvis/Bip001 Spine/Bip001 Spine1/Bip001 Neck/Bip001 R Clavicle/Bip001 R UpperArm/Bip001 R Forearm/Bip001 R Hand/Bip001 R Finger2/Bip001 R Finger21/Bip001 R Finger22","RootNode/Bip001/Bip001 Pelvis/Bip001 Spine/Bip001 Spine1/Bip001 Neck/Bip001 R Clavicle/Bip001 R UpperArm/Bip001 R Forearm/Bip001 R Hand/Bip001 R Finger3","RootNode/Bip001/Bip001 Pelvis/Bip001 Spine/Bip001 Spine1/Bip001 Neck/Bip001 R Clavicle/Bip001 R UpperArm/Bip001 R Forearm/Bip001 R Hand/Bip001 R Finger3/Bip001 R Finger31","RootNode/Bip001/Bip001 Pelvis/Bip001 Spine/Bip001 Spine1/Bip001 Neck/Bip001 R Clavicle/Bip001 R UpperArm/Bip001 R Forearm/Bip001 R Hand/Bip001 R Finger3/Bip001 R Finger31/Bip001 R Finger32","RootNode/Bip001/Bip001 Pelvis/Bone001/Bone002/Bone003/Bone004"],[[[7,2.2274786459774987e-8,-0.0000015461057500942843,1,0,-0.11514171212911606,-0.9933491349220276,-0.0000015332580005633645,0,0.9933490753173828,-0.11514171212911606,-2.001479089130953e-7,0,-0.1405724436044693,0.010364294983446598,3.5457542679750986e-8,1],[7,1.653620671504541e-7,-0.0000015570910818496486,1,0,-0.23027148842811584,-0.9731263518333435,-0.0000014771685528103262,0,0.9731263518333435,-0.23027150332927704,-5.194719960854854e-7,0,-0.16186504065990448,0.029584145173430443,8.876574497662659e-8,1],[7,0.0000011925066019102815,-0.0000030654507554572774,1,0,-0.9436606168746948,0.33091479539871216,0.000002139724529115483,0,-0.33091479539871216,-0.94366055727005,-0.0000024981272872537374,0,-0.017562413588166237,0.30190104246139526,9.718271485326113e-7,1],[7,0.0000012218953315823455,1,-1.1920927533992653e-7,0,-1,0.0000012218953315823455,1.1920930376163597e-7,0,1.1920946008103783e-7,1.1920914033680674e-7,1,0,-0.00489539559930563,6.7111316504053775e-9,-0.097279854118824,1],[7,0.0000012675907328230096,0.0000026086952402692987,1,0,1.192090977042426e-7,-1,0.0000026086952402692987,0,1,1.1920579368052131e-7,-0.0000012675910738835228,0,-0.097279854118824,-0.00489539559930563,1.4840777851077291e-7,1],[7,2.1695088037176902e-7,1,0.000006260472218855284,0,-1.1920931797249068e-7,0.000006260472218855284,-1,0,-1,2.1695015561817854e-7,1.1921068221454334e-7,0,0.09096343070268631,0.0020365386735647917,8.880836510627432e-9,1],[7,0.0000011566810371732572,-0.0000031850943287281552,1,0,-0.9051579236984253,0.4250749349594116,0.000002400883658992825,0,-0.4250749349594116,-0.9051579236984253,-0.0000023913382847240428,0,0.02983969636261463,0.30212312936782837,9.724433311930625e-7,1],[7,2.518295048048458e-7,1,-1.7682943109775806e-7,0,-1.1920931797249068e-7,-1.7682938846519392e-7,-1,0,-1,2.518295332265552e-7,1.1920928955078125e-7,0,0.06332146376371384,0.0020365393720567226,-1.4284304850065155e-9,1],[7,0.7723608016967773,0.37946823239326477,0.5093747973442078,0,0.05714479833841324,0.7571685910224915,-0.650715172290802,0,-0.6326082944869995,0.5316949486732483,0.5631227493286133,0,0.11409968137741089,-0.16576841473579407,-0.20833952724933624,1],[7,0.28243425488471985,0.8128764629364014,0.509374737739563,0,-0.4917161762714386,0.5786060690879822,-0.6507152318954468,0,-0.8236784934997559,-0.06668352335691452,0.5631227493286133,0,0.1282358318567276,-0.10632426291704178,-0.20833951234817505,1],[7,0.19386839866638184,-0.9665555953979492,0.16788530349731445,0,-0.16401353478431702,0.13678964972496033,0.9769279956817627,0,-0.9672200679779053,-0.21693092584609985,-0.13200899958610535,0,0.0848073959350586,0.21535779535770416,0.044943053275346756,1],[7,1,-0.0000012166403848823393,2.0810468015497463e-7,0,0.0000012319269444560632,0.9733094573020935,-0.22949650883674622,0,7.666449164389633e-8,0.2294965237379074,0.9733093976974487,0,-0.06138377636671066,-0.04758434370160103,-0.27403298020362854,1],[7,2.518295048048458e-7,1,-2.662364124716987e-7,0,-1.1920931797249068e-7,-2.6623635562827985e-7,-1,0,-1,2.518295332265552e-7,1.1920926112907182e-7,0,0.04256601631641388,0.002036543097347021,-3.4352483080368756e-9,1],[7,1.5361374039457587e-7,0.0000012126174624427222,-1,0,-0.09983352571725845,-0.9950041174888611,-0.0000012218953315823455,0,-0.9950039982795715,0.09983353316783905,-3.178642415946342e-8,0,0.09630513191223145,-0.014582723379135132,0.038401152938604355,1],[7,-0.743409276008606,0.3816952407360077,0.5492280721664429,0,-0.45178255438804626,0.3189437687397003,-0.8331672549247742,0,-0.4931887686252594,-0.8675156831741333,-0.06466250121593475,0,0.12438517063856125,0.08546216785907745,-0.1343267261981964,1],[7,-0.279941588640213,0.7873887419700623,0.5492282509803772,0,-0.11052705347537994,0.5418639183044434,-0.8331671953201294,0,-0.9536332488059998,-0.2939426600933075,-0.06466249376535416,0,0.13550910353660583,-0.010141851380467415,-0.1343267410993576,1],[7,-0.09029395878314972,0.8307796120643616,0.5492287874221802,0,0.01775881089270115,0.5527368187904358,-0.833166778087616,0,-0.9957567453384399,-0.06547626852989197,-0.06466247141361237,0,0.10454931110143661,-0.03527167811989784,-0.1343267560005188,1],[7,-0.1704881191253662,-0.9295406341552734,0.3269375264644623,0,-0.3949100375175476,0.3684396743774414,0.8416045904159546,0,-0.9027624130249023,0.014372673816978931,-0.4298994839191437,0,0.09240160882472992,0.1967681646347046,0.07022076100111008,1],[7,-0.5007060766220093,-0.801501989364624,0.3269374370574951,0,-0.23154430091381073,0.487943559885025,0.8416045904159546,0,-0.8340746760368347,0.3456960916519165,-0.42989951372146606,0,0.1427692025899887,0.15510283410549164,0.07022077590227127,1],[7,-0.12472014129161835,-0.9532858729362488,0.27512019872665405,0,-0.29347264766693115,0.30032169818878174,0.9075685739517212,0,-0.9477967619895935,0.03245184198021889,-0.31721949577331543,0,0.10285389423370361,0.19760505855083466,0.03920423984527588,1],[7,-0.931583821773529,0.15894509851932526,0.32693731784820557,0,0.36351266503334045,0.39944979548454285,0.8416046500205994,0,0.0031738963443785906,0.9028712511062622,-0.4298994839191437,0,0.18984714150428772,-0.05408330261707306,0.07022080570459366,1],[7,-0.7607463598251343,-0.5878554582595825,0.27512016892433167,0,0.0037561708595603704,0.4198871850967407,0.9075685739517212,0,-0.649038553237915,0.6914628744125366,-0.31721949577331543,0,0.19522152841091156,0.08452165126800537,0.039204247295856476,1],[7,-0.961165726184845,0.021666616201400757,0.2751201391220093,0,0.26708272099494934,0.32401564717292786,0.9075685739517212,0,-0.06947930157184601,0.9458035826683044,-0.3172195255756378,0,0.18869028985500336,-0.043984007090330124,0.039204247295856476,1],[7,-0.16753040254116058,-0.9366626739501953,0.3075658679008484,0,-0.048385221511125565,0.31941092014312744,0.9463803172111511,0,-0.9846788644790649,0.1436658352613449,-0.0988316684961319,0,0.13036467134952545,0.17881815135478973,-0.016798876225948334,1],[7,-0.7626350522041321,-0.569026529788971,0.3075656294822693,0,0.18306250870227814,0.26618117094039917,0.9463803768157959,0,-0.620383620262146,0.7780465483665466,-0.09883163869380951,0,0.20257586240768433,0.055251650512218475,-0.016798829659819603,1],[7,-0.951192319393158,0.025230130180716515,0.3075655996799469,0,0.30854853987693787,0.09571873396635056,0.9463804364204407,0,-0.005562487058341503,0.9950886368751526,-0.0988316535949707,0,0.17860718071460724,-0.07043524831533432,-0.016798824071884155,1],[7,-0.7723608016967773,-0.37947019934654236,0.5093733072280884,0,0.05714291334152222,0.757167637348175,0.6507163643836975,0,-0.6326085329055786,0.5316948294639587,-0.5631226301193237,0,0.11409968882799149,-0.16576842963695526,0.20833952724933624,1],[7,-0.2824328541755676,-0.8128780126571655,0.5093732476234436,0,-0.4917168617248535,0.5786041021347046,0.6507164835929871,0,-0.8236785531044006,-0.06668372452259064,-0.5631226301193237,0,0.1282358318567276,-0.10632427036762238,0.20833951234817505,1],[7,-0.1938677430152893,0.9665552973747253,0.16788771748542786,0,-0.16401399672031403,0.13679207861423492,-0.9769275188446045,0,-0.96722012758255,-0.21693065762519836,0.13200902938842773,0,0.08480740338563919,0.21535779535770416,-0.04494304209947586,1],[7,-1,-0.0000012166403848823393,-1.2068190358149877e-7,0,-0.0000012118638323954656,0.9733094573020935,0.22949650883674622,0,-1.617539169274096e-7,0.2294965237379074,-0.9733093976974487,0,-0.06138378381729126,-0.04758434742689133,0.27403298020362854,1],[7,1.5361374039457587e-7,0.0000012126174624427222,-1,0,-0.09983352571725845,-0.9950041174888611,-0.0000012218953315823455,0,-0.9950039982795715,0.09983353316783905,-3.178642415946342e-8,0,0.09630511701107025,-0.014582721516489983,-0.038401179015636444,1],[7,0.7434104681015015,-0.38169586658477783,0.5492259860038757,0,-0.4517807364463806,0.3189428150653839,0.8331685662269592,0,-0.49318864941596985,-0.8675158023834229,0.0646626278758049,0,0.12438519299030304,0.08546214550733566,0.1343267261981964,1],[7,0.2799420654773712,-0.7873901128768921,0.5492261052131653,0,-0.11052633821964264,0.5418619513511658,0.8331684470176697,0,-0.9536332488059998,-0.29394280910491943,0.06466261297464371,0,0.13550911843776703,-0.010141879320144653,0.1343267261981964,1],[7,0.09029410779476166,-0.8307812809944153,0.5492262840270996,0,0.017759067937731743,0.552734375,0.8331683874130249,0,-0.9957567453384399,-0.0654764473438263,0.06466257572174072,0,0.10454931110143661,-0.03527176007628441,0.1343267410993576,1],[7,0.1704893857240677,0.929539680480957,0.3269396424293518,0,-0.3949096202850342,0.3684421181678772,-0.8416038155555725,0,-0.9027624130249023,0.01437289547175169,0.42989954352378845,0,0.09240162372589111,0.19676817953586578,-0.07022073864936829,1],[7,0.5007068514823914,0.801500678062439,0.3269394338130951,0,-0.23154303431510925,0.4879456162452698,-0.8416038155555725,0,-0.8340746164321899,0.3456963002681732,0.42989957332611084,0,0.1427692174911499,0.15510283410549164,-0.07022076845169067,1],[7,0.12472113221883774,0.9532850980758667,0.2751224637031555,0,-0.2934723496437073,0.3003241717815399,-0.9075678586959839,0,-0.9477967619895935,0.032452069222927094,0.3172195553779602,0,0.10285390913486481,0.19760505855083466,-0.03920421004295349,1],[7,0.9315829873085022,-0.15894630551338196,0.32693931460380554,0,0.3635150194168091,0.3994494080543518,-0.8416039347648621,0,0.0031741189304739237,0.9028711318969727,0.4298996329307556,0,0.1898471564054489,-0.05408330261707306,-0.07022080570459366,1],[7,0.760746419429779,0.587854266166687,0.27512234449386597,0,0.003758045146241784,0.4198886454105377,-0.9075678586959839,0,-0.6490383744239807,0.691463053226471,0.3172195851802826,0,0.19522155821323395,0.08452165126800537,-0.03920423984527588,1],[7,0.9611651301383972,-0.02166765183210373,0.27512234449386597,0,0.26708510518074036,0.32401561737060547,-0.9075678586959839,0,-0.0694790706038475,0.9458035826683044,0.317219614982605,0,0.18869031965732574,-0.04398401081562042,-0.03920424357056618,1],[7,0.16753080487251282,0.9366617202758789,0.3075682818889618,0,-0.04838480427861214,0.31941333413124084,-0.946379542350769,0,-0.9846788048744202,0.1436660885810852,0.09883176535367966,0,0.13036468625068665,0.17881815135478973,0.01679890602827072,1],[7,0.7626346349716187,0.5690256357192993,0.30756792426109314,0,0.18306438624858856,0.266182541847229,-0.9463796615600586,0,-0.6203833818435669,0.778046727180481,0.09883172810077667,0,0.2025758922100067,0.05525165796279907,0.0167988408356905,1],[7,0.9511915445327759,-0.02523060329258442,0.30756789445877075,0,0.3085508644580841,0.09571866691112518,-0.9463796615600586,0,-0.00556225934997201,0.9950886368751526,0.09883172810077667,0,0.17860721051692963,-0.07043524831533432,0.01679883524775505,1],[7,2.518295048048458e-7,1,-2.662364124716987e-7,0,-1.1920931797249068e-7,-2.6623635562827985e-7,-1,0,-1,2.518295332265552e-7,1.1920926112907182e-7,0,-0.002718620002269745,0.002036545192822814,-3.8128913359969374e-9,1]],8,8,8,8,8,8,8,8,8,8,8,8,8,8,8,8,8,8,8,8,8,8,8,8,8,8,8,8,8,8,8,8,8,8,8,8,8,8,8,8,8,8,8,8]]],0,0,[],[],[]],[[[29,".bin",789171765,[{"primitives":[{"primitiveMode":7,"jointMapIndex":0,"vertexBundelIndices":[0],"indexView":{"offset":65664,"length":6324,"count":3162,"stride":2}}],"vertexBundles":[{"view":{"offset":0,"length":65664,"count":912,"stride":72},"attributes":[{"name":"a_position","format":32,"isNormalized":false},{"name":"a_normal","format":32,"isNormalized":false},{"name":"a_texCoord","format":21,"isNormalized":false},{"name":"a_tangent","format":44,"isNormalized":false},{"name":"a_joints","format":42,"isNormalized":false},{"name":"a_weights","format":44,"isNormalized":false}]}],"jointMaps":[[0,1,2,4,5,7,8,9,12,14,15,17,18,19,20,21,22,23,24,25,26,27,31,32,34,35,36,37,38,39,40,41,42]]},"minPosition",8,[1,-0.22907908260822296,-0.16174250841140747,0.00036565682967193425],"maxPosition",8,[1,0.22907905280590057,0.10926813632249832,0.4218575060367584]]],-1],0,0,[],[],[]],[[[14,"hellFireEff"],[30,"hellFireEff",[-2,-3],[0,"52EoBNOLdJH5VL3P9azyyE",-1,0],[1,0,0,-0.113]],[31,"wind_03",1,[-4],[0,"8bszboXnRI6Jaz1EFHiulM",1,0],[1,-0.011,-0.01,-0.001],[3,0.7071067811865475,2.168690208556965e-16,-1.3640178234815296e-16,0.7071067811865476],[1,89.99999999999999,2.8624992133171654e-14,6.520137097000213e-15]],[42,0,true,true,2,[6,"9dAXDFmvZBMKRQLHUcw4pc"],[[0,null],6,0],[7],[3,0.35],[3,0.35],[3,0.25],[3,0.05],[3,-1.5707963267948966],[5,3,-3.141592653589793,3.141592653589793],[1],[1],[5,3,1,1.5],[1],[3,3],[1],[17,true,[15,1,[44,[[46,[4,4281524786]]],[[9,160,0.55],[9,0,1]]]]],[48,0,[3,1]],[18,true,[16,1,[19,2,[0,1],[[50,2,0.59,1.25,2],[20,2,1]]]],[1],[1],[1]],[21,[5,3,0.1,-0.1],[5,3,0.1,-0.1],[1],[3,1]],[22,[1],[1],[1]],[23,[1],[1],[1],[1]],[52,true,true,[1],[1],[5,3,20.943951023931955,13.962634015954636]],[24,[1],[1]],[25,[3,1],[1],[7],[7],-5],[54,4,1,2]],[32,"dn_alch_0001",1,[-6],[0,"adxgZRfGdNmYJLARp6Uw9y",1,0],[3,0.7071067811865475,0,0,0.7071067811865476],[1,90,0,0]],[43,0,4,[6,"0b7a7v3FVOCpzmec7amMlB"],[3],[7],[5,3,0.3,0.2],[1],[1],[5,3,0.008,0.2],[1],[1],[5,3,-3.141592653589793,3.141592653589793],[1],[5,3,1.2,1],[1],[3,6],[1],[17,true,[15,1,[45,[[47,0],[9,145,0.3],[9,145,0.7],[9,0,1]]]]],[49,true,0,0.03,0.2617993877991494,[3,1]],[18,true,[16,1,[19,2,[0,1],[[51,2,2,2],[20,2,1]]]],[1],[1],[1]],[21,[1],[1],[1],[3,1]],[22,[1],[1],[3,0.05]],[23,[1],[1],[1],[1]],[53,true,[1],[1],[5,3,-1.0471975511965976,1.0471975511965976]],[24,[1],[1]],[25,[3,1],[1],[7],[7],-7],[55,4]]],0,[0,2,1,0,-1,2,0,-2,4,0,-1,3,0,5,3,0,-1,5,0,5,5,0,6,1,7],[0,0,0,0,0],[-1,7,8,-1,8],[5,6,7,8,1]],[[[14,"hellFire"],[37,"hellFire",[-6],[[56,-2,[6,"913YeIfQ1AlrHMDr7vFqPJ"]],[57,0.22,0.1,-3,[6,"a8pSxc/2tBFKb6POqO6ocK"],[1,0,0.27,0]],[58,8,false,0,0.5,false,-4,[6,"47DZz6PtZDtKVyJF9I2UxK"],[1,0,0,0]],[59,-5,[6,"bfma++V3tDzbvkHQ1xb15V"]]],[0,"041oUWb0BEYoQsZ+Nyr0HR",-1,0],[1,0,1.62,0],[3,0,-0.7071067811865475,0,0.7071067811865476],[1,8,8,8],[1,0,-89.99999999999999,0]],[39,"body",1,[-10,-11],[[-7,[60,-9,[6,"9dGzGA+3xMb5RP1kHwcAzr"],-8]],1,4],[0,"2dz5DPQe9FXaOn2Ct5Q/BU",1,0],[3,0,1,0,6.123233995736766e-17],[1,0,180,0]],[10,"Bip001 L Hand",[-12,-13,-14,-15],[0,"e2RQgs4v5FDL3YRsjoFbM2",1,0],[1,0.0985550209879875,-9.53674295089968e-9,3.55271359939116e-17],[3,-0.7835228379232916,0.1344524014949617,0.2780464268892012,0.5391703800089699],[1,-112.57944412228663,35.663070220821915,5.1138888602451065]],[10,"Bip001 R Hand",[-16,-17,-18,-19],[0,"c9fpTKkS5AUY1PFaUjzt4r",1,0],[1,0.0985550507903099,-9.53674295089968e-9,0],[3,0.7705641876095063,0.01694609387123941,0.147887034115389,0.6197363050659227],[1,103.68148156553391,-12.216172423062721,12.088249757089613]],[10,"Bip001 Spine",[-20,-21,-22],[0,"910F9jJfdHmKgj0HBAuvEf",1,0],[1,0.0435471907258034,0.000995199661701918,0.00000301539898828196],[3,-0.07884031358772586,0.0016819720247907635,-0.04391140765595002,0.995918251766263],[1,-9.061617012116598,-0.20555464305236765,-5.03300367409808]],[10,"Bip001 Neck",[-23,-24,-25],[0,"5aYt7DUfhDS63GiWbvDe6t",1,0],[1,0.139951422810555,0.0623811595141888,9.53674259562831e-8],[3,0.09711068163911908,-0.08146346394279157,0.769810024120859,0.6255603458636664],[1,129.57325784116526,-128.2883201941684,71.31663172513647]],[61,["52EoBNOLdJH5VL3P9azyyE"]],[33,"RootNode",2,[-26,-27],[0,"3cwl2jMhBCdI+6ydMfnlY5",1,0]],[40,"Bip001",8,[[[34,"Bip001 Footsteps",-28,[0,"4ffzmDkXpOKIaI0GysnJ/A",1,0],[1,0.0175059251487255,0.00137998641002923,-0.151364475488663],[3,-0.03731353210889146,-0.044032484322090205,0.7032807474016782,0.7085654740248926],[1,48.51597138236433,-55.11107521780602,89.30734381519581]],-29],4,1],[0,"47DGfuWl1Lmp5kY1Y7fdYj",1,0],[1,0.00483212061226368,0.171956568956375,-0.0156058333814144],[3,-0.47464680907361173,-0.4661589288015181,-0.5284302260887015,0.5274161126574572],[1,-90.52234738520004,-89.60117311369706,-6.5969075828505455]],[35,"Bip001 Pelvis",9,[5,-30],[0,"17ivJ///NKFpo6Uhgac+mB",1,0],[3,-0.4999999925491744,-0.4999999925491744,-0.4999993070957696,0.5000007078049007],[1,-89.9999197452773,-89.9999197452773,-0.0000017074910412130916]],[2,"Bip001 Socket",2,[-31],[0,"2cakD7D7RFZ7cjjGk8MCR2",1,0],[1,0.00483212061226368,0.171956568956375,-0.0156058333814144],[3,-0.4746468090736118,-0.4661589288015182,-0.5284302260887016,0.527416112657457],[1,-90.52234738520004,-89.60117311369709,-6.596907582850532]],[2,"Bip001 Spine1",5,[6],[0,"24Lt2F3odHv7m6feSFVzPr",1,0],[1,0.0235824380069971,-0.00012330173922237,-0.00000512599945068359],[3,0.0193953258489077,-0.003403492595283382,-0.16115981769186505,0.9867318535118309],[1,2.247544298287597,-0.02811355756823208,-18.55259699635517]],[2,"Bip001 L Clavicle",6,[-32],[0,"0c/zhc72NNS6Qh/nmueg8j",1,0],[1,-0.0553962141275406,0.0434432215988636,0.0779887586832047],[3,0.49969651300343904,-0.47582410818807397,0.3845459742286705,0.6132040497776826],[1,78.17886282153864,-75.43764088033289,-0.22488639075223646]],[2,"Bip001 L UpperArm",13,[-33],[0,"21GvdMdCtJ3pS0A0WMrmqc",1,0],[1,0.0195168498903513,-8.88178399847791e-18,0],[3,0.2667069660496362,0.29085012478151323,0.06353158330721491,0.9166446078484589],[1,28.01162887003897,31.25371273117671,15.76040777031424]],[2,"Bip001 L Forearm",14,[3],[0,"15XRQ3nUtAQ4GfL6/AeH1l",1,0],[1,0.0976649299263954,0,0],[3,1.2294636025351675e-17,7.371593372996029e-17,-0.5190756893884699,0.854728277691738],[1,1.2120341521923538e-14,1.724360687130243e-14,-62.540541941624944]],[2,"Bip001 L Finger0",3,[-34],[0,"dcLVyPbWFCXZE0qnTQ4bCi",1,0],[1,0.00167991640046239,0.0473448559641838,-0.0304266251623631],[3,0.8677692362147749,0.32183378745037805,0.036329280370775055,0.37693467513922474],[1,128.88319346764786,12.80270803753818,35.869597778885826]],[2,"Bip001 L Finger01",16,[-35],[0,"1ePHXZ691AxJ3ye3hbM8i1",1,0],[1,0.0187357701361179,-8.88178399847791e-18,0],[3,8.923357432194895e-9,6.7285792292916724e-9,0.6020630778823461,0.7984485269889575],[1,0.0000012806603955115282,5.5697903602971554e-14,74.03559609561042]],[4,"Bip001 L Finger02",17,[[12,"Bip001 L Finger0Nub",-36,[0,"84TEi7ygNDW6mHogR1lmtI",1,0],[1,0.00469155283644795,-3.55271359939116e-17,1.77635679969558e-17]]],[0,"01lR4EB6ZHUJhM3JRJkoME",1,0],[1,0.0256373584270477,-1.90734859017994e-8,-9.53674295089968e-9],[3,-4.2004995085256835e-9,1.0356443714316383e-8,0.3758542839957516,0.9266787777876653],[1,-0.0000012433997586241227,0.0000017849746825295376,44.154245287265184]],[2,"Bip001 L Finger1",3,[-37],[0,"78106c8mFAC7y1sKLj/puI",1,0],[1,0.0273232646286488,0.00849418621510267,-0.0330937765538692],[3,0.12013764098559818,0.13658003695701493,0.39723319358109416,0.8995102170851652],[1,9.323162291846538,13.073059448269886,48.369748349103084]],[2,"Bip001 L Finger11",19,[-38],[0,"d4ybt75yZOxK4/hHLIx/hZ",1,0],[1,0.0167561713606119,-9.53674295089968e-9,-9.53674295089968e-9],[3,1.994828068200099e-8,-6.7937684656260275e-9,0.44139220055868483,0.8973142845658713],[1,0.000003923681011858106,-0.000002797671629029962,52.385485584520595]],[4,"Bip001 L Finger12",20,[[11,"Bip001 L Finger1Nub",-39,[0,"d1WGX1aWxN+aosPmiruUrC",1,0],[1,0.025617141276598,0,0],[1,0.0000014941039063847268,0.0000017075473147670759,-0.0000017075472702393094]]],[0,"26i1OYdCpLaoPrun62MkhG",1,0],[1,0.0206624791026115,-1.90734859017994e-8,-9.53674295089968e-9],[3,-2.165090756713991e-9,2.0310425185674513e-8,0.7574184478799769,0.6529297778560007],[1,-179.99998693851705,179.9999884128353,81.52572104010244]],[2,"Bip001 L Finger2",3,[-40],[0,"b87+x5IlxA3btsuHMRqAx5",1,0],[1,0.0322261229157448,0,-4.76837147544984e-9],[3,0.07606634348630154,0.08286828385378915,0.3962321203812071,0.9112337053127284],[1,6.17413367440458,7.687526363439967,47.284161535870425]],[2,"Bip001 L Finger21",22,[-41],[0,"c2rPERUXJLlYLK2kXqbt/7",1,0],[1,0.0240655317902565,-4.76837147544984e-9,9.53674295089968e-9],[3,-4.6384616501730475e-8,1.1154562478387106e-8,0.6131617356218959,0.7899573950341511],[1,-0.000020085850207841424,0.000017208641333051622,75.63693965503242]],[4,"Bip001 L Finger22",23,[[11,"Bip001 L Finger2Nub",-42,[0,"80CSYpd1FFC604pOtiKmjD",1,0],[1,0.0380246527493,9.53674295089968e-9,4.76837147544984e-9],[1,6.403301997025942e-7,0.0000017075472793834055,0.0000023478775367335443]]],[0,"6bF8dMPz9Km65IyK4e+00B",1,0],[1,0.0208807419985533,-1.90734859017994e-8,9.53674295089968e-9],[3,1.093342919748109e-8,-2.8708009992852648e-8,0.5719389875934228,0.8202961626574938],[1,0.000008413753078587316,-0.00000987673648624734,69.77109646675848]],[2,"Bip001 L Finger3",3,[-43],[0,"2fbs1TEcBIKa9EH7+LNKbi",1,0],[1,0.0305347442626953,0.000674514740239829,0.0301563069224358],[3,0.06577009069572448,-0.03256409668226991,0.44251514200663333,0.8937528874761709],[1,13.717246848635117,-10.870255383387503,51.87956347251753]],[2,"Bip001 L Finger31",25,[-44],[0,"c2D7NG4m5DaZ2mKPYw4ubb",1,0],[1,0.0203018952161074,9.53674295089968e-9,1.90734859017994e-8],[3,8.959100012374552e-9,-1.1907102705002496e-8,0.6012350838974863,0.7990721956686908],[1,0.000005922457099187473,-0.000006163701452831216,73.91681064043897]],[4,"Bip001 L Finger32",26,[[11,"Bip001 L Finger3Nub",-45,[0,"20IXUOSjVNgpNL+zDaafxG",1,0],[1,0.0221786294132471,9.53674295089968e-9,9.53674295089968e-9],[1,-3.0682490889249845e-7,0.000001707547293360452,3.2016511277230086e-7]]],[0,"c3xbmjhkJLq6YyCFebWNjT",1,0],[1,0.0187038946896791,-3.55271359939116e-17,-1.43051144263495e-8],[3,-2.110289476017051e-9,-1.451241333714406e-9,0.5666394768837021,0.8239658386346878],[1,-2.934847021154018e-7,1.3503589263385098e-14,69.03243426931695]],[2,"Bip001 R Clavicle",6,[-46],[0,"4cj25nMgRGrKAAkFkfkK7R",1,0],[1,-0.0862638652324677,0.0439251326024532,-0.0408339649438858],[3,-0.31494682788213624,0.5447518784182745,0.5462424117588589,0.5528771239277375],[1,-77.74848850829478,101.36717037072465,15.121935347390197]],[2,"Bip001 R UpperArm",28,[-47],[0,"98R3GwrJ5G4JeVitL2N5aF",1,0],[1,0.0195168536156416,0,-7.10542719878232e-17],[3,-0.3682861037624846,-0.16460585627801622,0.18591482975313256,0.8959385770979466],[1,-42.22989921007277,-10.21734080552309,27.02509027432383]],[2,"Bip001 R Forearm",29,[4],[0,"22XbR0b+5G3pOSNe8NDgaI",1,0],[1,0.0976649522781372,-3.81469718035987e-8,-7.10542719878232e-17],[3,1.7838978586520216e-17,2.1263650221553328e-17,-0.6427169385193824,0.7661037377145946],[1,1.8018381339515497e-14,1.829693947571505e-14,-79.98942880418713]],[2,"Bip001 R Finger0",4,[-48],[0,"007YKFnnFAja+02vfA/QJZ",1,0],[1,0.00167989730834961,0.0473448559641838,0.0304266400635242],[3,0.8367007365485242,0.3956416542911125,-0.0036098926753753485,-0.37866413551301803],[1,-122.38989930803606,-23.142200203961792,41.6670758760148]],[2,"Bip001 R Finger01",31,[-49],[0,"f0tbFUY4tC/K9MW4Oex6sx",1,0],[1,0.0187357906252146,9.53674295089968e-9,4.76837147544984e-9],[3,1.5949782851025616e-9,-1.6583481509880312e-8,0.530789145048299,0.8475039135596341],[1,0.0000026655290718008563,-0.0000039116762110244254,64.11757939532588]],[4,"Bip001 R Finger02",32,[[8,"Bip001 R Finger0Nub",-50,[0,"5cN0xOZelB7IkWa2Vt4Gis",1,0],[1,0.00469154817983508,0,-4.76837147544984e-9],[3,-7.45058059692383e-9,-1.49011611938477e-8,1,-1.72254645091774e-16],[1,-1,-1,-1],[1,179.99999829245272,179.99999914622634,-7.0167096047109555e-15]]],[0,"deh/AIripLcoaEs0SkzE1u",1,0],[1,0.0256374068558216,-1.90734859017994e-8,4.76837147544984e-9],[3,1.2048014893237202e-8,1.1506564459347738e-8,0.2943426039166936,0.9556999694043838],[1,0.000001126533426029715,0.0000010327178089479668,34.23624244054477]],[2,"Bip001 R Finger1",4,[-51],[0,"98rPzur3hF1LDqMY5NExn+",1,0],[1,0.027323255315423,0.00849418621510267,0.0330937728285789],[3,-0.10788153174500337,-0.14645388807355283,0.3179898876512118,0.9304812008461326],[1,-7.911080763625106,-15.118100508637191,38.56239781231835]],[2,"Bip001 R Finger11",34,[-52],[0,"6aHsEpi2dCj4m2AVWhFuSW",1,0],[1,0.0167561713606119,1.77635679969558e-17,-1.90734859017994e-8],[3,-5.026167105226965e-18,1.2935634451740551e-17,0.36217350883523153,0.9321106959465578],[1,-1.4555609407096644e-15,2.1558385079974003e-15,42.467477560418665]],[4,"Bip001 R Finger12",35,[[8,"Bip001 R Finger1Nub",-53,[0,"b67SegRD5CLJIvhsqKgp/R",1,0],[1,0.0256171319633722,-3.55271359939116e-17,-9.53674295089968e-9],[3,5.55111512312578e-17,1.38777894621757e-17,1,-1.49011611938477e-8],[1,-1,-1,-1],[1,-180,-180,-0.000001707547292503193]]],[0,"29gJfyQhZJFLUbyojASASc",1,0],[1,0.02066246047616,9.53674295089968e-9,1.90734859017994e-8],[3,-4.24089960819995e-8,-2.0540765850412694e-8,0.6981421816967707,0.7159591427837702],[1,-0.00007287441375279881,0.00006777328610707621,88.55628073721428]],[2,"Bip001 R Finger2",4,[-54],[0,"dduSLHlmpMtrMiRfeWgL3a",1,0],[1,0.0322261340916157,3.55271359939116e-17,-4.76837147544984e-9],[3,-0.06861816537976162,-0.08913347373587875,0.31597919153075943,0.9420742655222353],[1,-5.270466401330385,-9.023954396484141,37.415020507230295]],[2,"Bip001 R Finger21",37,[-55],[0,"d7j4RXuhZBJJKOfx16b/nO",1,0],[1,0.0240655317902565,9.53674295089968e-9,9.53674295089968e-9],[3,-8.085076794358695e-9,1.2517033919996909e-8,0.5425803190221741,0.8400039270204608],[1,-0.0000037851321605153816,0.000004152462309124887,65.71893138586765]],[4,"Bip001 R Finger22",38,[[8,"Bip001 R Finger2Nub",-56,[0,"a09y+jllhJboh8N+dGhP4g",1,0],[1,0.0380246490240097,0,-9.53674295089968e-9],[3,7.45058148510225e-9,6.93889522739621e-17,1,-1.49011629702045e-8],[1,-1,-1,-1],[1,-179.99999999999997,-179.99999914622626,-0.000001707547496058688]]],[0,"b0CzzL0zxE2r+x7nZ6H6iP",1,0],[1,0.0208807364106178,9.53674295089968e-9,-9.53674295089968e-9],[3,1.4677607668241644e-8,3.4239544753305656e-8,0.49888918124811854,0.8666657861214901],[1,-9.95087267573271e-7,0.000005100006434542559,59.85307198896578]],[2,"Bip001 R Finger3",4,[-57],[0,"32DnGvlXpHwokco4iOoK5U",1,0],[1,0.0305347442626953,0.000674533832352608,-0.0301562827080488],[3,-0.0683387972681987,0.026756855030051926,0.3635999899443759,0.9286597475982722],[1,-11.395977129959034,7.709956491225709,42.195645595023464]],[2,"Bip001 R Finger31",40,[-58],[0,"2d97rDDzBCw7GJnFDfA7TQ",1,0],[1,0.0203019324690104,-9.53674295089968e-9,-9.53674295089968e-9],[3,-3.079989583695688e-8,7.111051273331899e-9,0.529910502580697,0.8480535709816167],[1,-0.000007812531347309599,0.000005842565887283753,63.998816095237586]],[4,"Bip001 R Finger32",41,[[8,"Bip001 R Finger3Nub",-59,[0,"a1VWC0uwxIpKW0DgofKBSE",1,0],[1,0.0221786499023438,-3.55271359939116e-17,0],[3,-1.4901161193847696e-8,-2.2351743567128294e-8,0.9999999999999998,-2.7183457799317793e-16],[1,-1,-1,-1],[1,179.99999743867886,179.99999829245272,7.016711121317764e-15]]],[0,"46cm8jEolO/LKyeQ49S24A",1,0],[1,0.0187038984149694,-3.55271359939116e-17,9.53674295089968e-9],[3,-1.3831616445734238e-8,9.286661019660313e-9,0.49329241057766593,0.869863551177123],[1,-0.000003708507673114518,0.0000033264431532867247,59.11442572226582]],[4,"Bip001 Head",6,[[12,"Bip001 HeadNub",-60,[0,"adKmGtkCFD7IY2MV95C2mC",1,0],[1,0.054885920137167,3.55271359939116e-17,-4.76837147544984e-9]]],[0,"f4oq+r7kFDop6oX5ggieg5",1,0],[1,0.0166391897946596,-7.10542719878232e-17,-2.38418573772492e-9],[3,-0.022750339158268098,0.09423584002268655,0.3984314609654997,0.9120605239984351],[1,-9.708715257530967,15.953335360912568,46.26122456500485]],[2,"Bip001 L Thigh",5,[-61],[0,"c4bOYJQy5KJKptQQ6siqBq",1,0],[1,-0.0431545451283455,-0.0108118141070008,0.0373170413076878],[3,0.06541167956450063,0.9600807445650603,0.07996405675507269,-0.2599461977394982],[1,-10.848724664320999,-149.24230466958863,4.820149679760624]],[2,"Bip001 L Calf",44,[-62],[0,"dcGwI0lo9P14jQpkoKIIGz",1,0],[1,0.0750648453831673,1.19209286886246e-9,-9.53674295089968e-9],[3,3.423756803525913e-18,-3.20972911399078e-17,-0.001423595007462118,0.999998986688114],[1,3.8709870691432216e-16,-3.677531286938343e-15,-0.16313202642815944]],[2,"Bip001 L Foot",45,[-63],[0,"78urwnPj1G7ZLC/kViymqX",1,0],[1,0.0750648379325867,-2.38418573772492e-9,0],[3,-0.11842504635572153,-0.20643576538263314,-0.0805841294582963,0.9679183753013372],[1,-15.309991177616961,-24.906247445451672,-6.148365390923037]],[4,"B