[1,["cfgRI6Hr1FWb5n2+jsAutQ@6c48a","f1THr/nLhOnrlyy6NtIuXr@1f586","7aOcWZQLhKMYQYr5IMzISv","f1THr/nLhOnrlyy6NtIuXr@0d4df","f1THr/nLhOnrlyy6NtIuXr@438fe","f1THr/nLhOnrlyy6NtIuXr@989ed","f1THr/nLhOnrlyy6NtIuXr@79e35","f1THr/nLhOnrlyy6NtIuXr@b4251","f1THr/nLhOnrlyy6NtIuXr@cf5ee","a6tw19Lq1DnJT/JZiffXNu","a7YStUNeNCOKGpSntUY1g5"],["_parent","node","root","aniComPlayer","data","_mesh","_skeleton","_material","_defaultClip","mainTexture","shadeMap1","shadeMap2","_effectAsset"],[["cc.Node",["_name","_prefab","_euler","_lpos","_lrot","_parent","_children","_components","_lscale"],2,4,5,5,5,1,2,9,5],["cc.Node",["_name","_parent","_children","_prefab","_lpos","_lrot","_euler"],2,1,12,4,5,5,5],["cc.Prefab",["_name"],2],["cc.Node",["_name","_parent","_children","_components","_prefab","_lrot","_euler"],2,1,2,12,4,5,5],["cc.Node",["_name","_parent","_children","_prefab","_lpos","_lrot","_euler"],2,1,9,4,5,5,5],["75fe4NpEqNMNZSSj5Z9vDnA",["node","__prefab"],3,1,4],["cc.CompPrefabInfo",["fileId"],2],["cc.CapsuleCollider",["_radius","_cylinderHeight","node","__prefab","_center","_material"],1,1,4,5,6],["cc.RigidBody",["_group","_allowSleep","_linearDamping","_angularDamping","_useGravity","node","__prefab","_angularFactor"],-2,1,4,5],["661afbK8/hPNbWGsBzk8GsI",["node","__prefab"],3,1,4],["cc.PrefabInfo",["fileId","root","asset"],2,1,1],["15aa8oJcxdFKKBQnRjjhjLX",["node","__prefab","aniComPlayer"],3,1,4,1],["cc.SkinnedMeshRenderer",["_shadowCastingMode","node","__prefab","_materials","lightmapSettings","_skinningRoot","_mesh","_skeleton"],2,1,4,3,4,1,6,6],["cc.ModelLightmapSettings",[],3],["cc.SkeletalAnimation",["playOnLoad","node","__prefab","_clips"],2,1,4,3],["cc.Material",["_states","_defines","_props"],1,12],["cc.PhysicsMaterial",["_friction","_restitution"],1],["cc.Mesh",["_native","_hash","_struct"],1,11],["cc.Skeleton",["_name","_hash","_joints","_bindposes"],0,12]],[[10,0,1,2,2],[0,0,5,6,1,3,4,2,2],[4,0,1,2,3,4,5,6,2],[6,0,2],[0,0,5,1,3,2,2],[0,0,5,1,3,4,8,2,2],[0,0,5,1,3,2],[0,0,5,1,3,4,2,2],[0,0,6,1,3,4,2,2],[1,0,1,2,3,4,5,6,2],[2,0,2],[0,0,6,7,1,3,4,8,2,2],[0,0,6,1,4,2,2],[0,0,5,7,1,4,2,2],[3,0,1,2,3,4,5,6,2],[1,0,1,2,3,2],[5,0,1,1],[7,0,1,2,3,4,5,3],[8,0,1,2,3,4,5,6,7,6],[9,0,1,1],[11,0,1,2,1],[12,0,1,2,3,4,5,6,7,2],[13,1],[14,0,1,2,3,2],[15,0,1,2,3],[16,0,1,3],[17,0,1,2,3],[18,0,1,2,3,4]],[[[[10,"magician"],[11,"magician",[-6],[[16,-2,[3,"ee658xsc9BXLAWJF//Q6CL"]],[17,0.25,0.1,-3,[3,"a8pSxc/2tBFKb6POqO6ocK"],[1,0,0.27,0],8],[18,8,false,0,0.5,false,-4,[3,"f740mqMbxEu6+o0ZUPvObz"],[1,0,0,0]],[19,-5,[3,"59Em0enUtBhJjhJOJoBpzy"]]],[0,"042OrgR8NF8Lr9/HS7bVt3",-1,0],[1,0,1.62,-3.669],[3,0,-0.7071067811865475,0,0.7071067811865476],[1,5,5,5],[1,0,-90,0]],[14,"body",1,[-10],[[-7,[20,-9,[3,"32Y8ntbrlEVpoVzQx638jR"],-8]],1,4],[0,"880U6NT6dGkp4VzKiPk9nR",1,0],[3,0,1,0,6.123233995736766e-17],[1,0,180,0]],[15,"RootNode",2,[[-11,[7,"Bone014",-12,[0,"4da1na3GpK3Kd7gapdJKDP",1,0],[1,-0.256927400827408,0.180411756038666,-0.107451811432838],[3,-0.1888697325169242,-0.4850102140920809,0.3856461106907865,0.7618204471359437],[1,7.786622202024281,-68.63603761450197,50.425214552997765]],[7,"Bone015",-13,[0,"9b89AwBUNKPohT7fbzmN64",1,0],[1,-0.189267843961716,0.394937455654144,0.0635969787836075],[3,-0.1917093577723025,-0.48390603886464867,0.3900776571649177,0.7595537433740851],[1,7.896475054417267,-68.78028037159466,51.08771814898144]],-14],1,4,4,1],[0,"aeh97Pb2NKYYSjjYD3FClg",1,0]],[8,"Bip001 L Hand",[-15,-16,-17,-18],[0,"76qRR1QR5LdquTBRiOO2iZ",1,0],[1,0.0955512896180153,-9.53674295089968e-9,-3.55271359939116e-17],[3,-0.6381319189239371,-0.23411038606035509,-0.2648594687413548,0.6839805867180536],[1,-87.39983433952268,-41.270668750717256,-3.6425026665425184]],[8,"Bip001 R Hand",[-19,-20,-21,-22],[0,"bddOXzGRNHypHbx4ANUnmB",1,0],[1,0.0955512896180153,0,3.55271359939116e-17],[3,0.7514563270608876,-0.1483587337995235,-0.050352145440363386,0.6409116445151506],[1,98.06930363853547,-6.865685838838847,-16.709107699578603]],[12,"Bip001 Pelvis",[-23,-24,-25],[0,"d6diUbAp1IprARP18o1Pe5",1,0],[3,-0.4999999925491744,-0.4999999925491744,-0.4999993070957696,0.5000007078049007],[1,-89.9999197452773,-89.9999197452773,-0.0000017074910412130916]],[1,"Bip001 Spine",6,[-26,-27,-28],[0,"c4sP3N0UFLQ7U8bl8YK07O",1,0],[1,0.0195943638682365,0.00220582727342844,0.00000391721732739825],[3,-0.0469904759996679,-0.07083074665762397,0.23975951689505376,0.9671040660402056],[1,-3.698566912909525,-7.453205739214231,28.06036506076323]],[8,"Bip001 Neck",[-29,-30,-31],[0,"c0pB4Gm9pK2bkNuCOPVLCK",1,0],[1,0.08598842471838,0.0162327960133553,-0.00000293254856842395],[3,0.040219951945426276,0.016195787328052373,0.14786103560592653,0.9880572686276211],[1,4.481118171367312,1.2054350960624005,17.067200800751586]],[9,"Bip001 Head",8,[[[6,"Bip001 HeadNub",-32,[0,"fafjjk4YBOhpL/U7hN1bMv",1,0],[1,0.0902972221374512,1.90734859017994e-8,8.88178399847791e-18]],-33,-34],4,1,1],[0,"95Kr9eFJ1PCotIMsoAWJb9",1,0],[1,0.0439434796571732,-1.90734859017994e-8,-4.44089199923895e-18],[3,0.02394358248409473,-0.1544125522913153,0.4305818963175435,0.8889222120727422],[1,15.615844177396292,-26.909635278164018,49.298146808708246]],[9,"Bip001",3,[[[7,"Bip001 Footsteps",-35,[0,"737ZvNIehGEK4p0iOUVQW0",1,0],[1,-0.0195945035666227,2.38418573772492e-9,-0.131109908223152],[3,0.06603112256349622,0.03364457284093776,0.8885561476203845,0.45274264886067145],[1,179.99999740616803,-171.49999936710412,54.00006933777508]],6],4,1],[0,"10bkaK7FdFx5V9Y2wFKM9w",1,0],[1,0.00648260116577148,0.161026611924171,-0.0296719372272491],[3,0.36682847406636776,0.6520943688666861,0.6045137687388648,-0.2734463532608048],[1,-90.0000030102367,-125.99992729524091,8.499998975325072]],[1,"Bip001 Spine1",7,[8],[0,"81Fq+ocrpL8Yl0pqvDgsd1",1,0],[1,0.0392227917909622,-0.0000667762724333443,-0.0000188255307875806],[3,0.14482475977285686,-0.10958838583963226,0.07954434393353876,0.9801473725894393],[1,17.679031961420836,-13.8700903611003,7.133874094485911]],[1,"Bip001 L Clavicle",8,[-36],[0,"fcG/ySBatKeqQQ0/eCGCnr",1,0],[1,-0.0380658730864525,-0.0337023548781872,0.0630869343876839],[3,0.717061642485065,-0.23730465890659433,0.6516121659095765,-0.07007627969916858],[1,166.61848136470024,-87.57440568024619,-25.57227128753576]],[1,"Bip001 L UpperArm",12,[-37],[0,"4fNzKUIr9KALwqjJhM6ezo",1,0],[1,0.0236232075840235,0,0],[3,-0.05067903607105503,0.41404155375706836,-0.23155594139938387,0.8788532716375281],[1,6.597881858684652,52.01776088404474,-26.677866080955674]],[1,"Bip001 L Forearm",13,[4],[0,"bcP3egutpFTahVAuV319ji",1,0],[1,0.0955751016736031,0,1.90734859017994e-8],[3,5.276196279421751e-18,-4.5066618944288444e-18,-0.6494784265099048,0.7603800191339974],[1,7.951386703658738e-16,-6.492884122458893e-30,-81.00457800506996]],[1,"Bip001 L Finger0",4,[-38],[0,"8098eiZ6hO2pm0iVcVVRG9",1,0],[1,0.00729756336659193,0.0205354876816273,-0.0272273868322372],[3,0.5499211369171941,0.7578875769643719,-0.20330066311318387,0.28611536874574534],[1,63.35469818771801,109.39866681660968,45.825589733432075]],[2,"Bip001 L Finger01",15,[[6,"Bip001 L Finger0Nub",-39,[0,"f7Ly6bYO1O1rAKnAVFDRH4",1,0],[1,0.0305547751486301,-9.53674295089968e-9,-9.53674295089968e-9]]],[0,"6f4iqD1O1L5otYCPHB/tMM",1,0],[1,0.0148002905771136,0,1.77635679969558e-17],[3,2.846458335506993e-8,1.1552348320300218e-8,0.14009809383764552,0.9901376288693696],[1,0.000003168551132389951,8.88657904625132e-7,16.10704510530339]],[1,"Bip001 L Finger1",4,[-40],[0,"11LmDH099Nua9GhBhBJGI+",1,0],[1,0.0309561621397734,-0.0068416022695601,-0.0252946373075247],[3,-0.014030182490624687,0.22722310923553463,-0.23850132111025557,0.9440815284906695],[1,5.281903161489226,28.342758424922884,-27.174713042458038]],[2,"Bip001 L Finger11",17,[[4,"Bip001 L Finger1Nub",-41,[0,"7aKhng0+ZClK/xiFi9hjDG",1,0],[1,0.0317254438996315,0,-9.53674295089968e-9],[1,-3.180554681463516e-15,-4.2094290714742287e-38,0.0000017075470889476864]]],[0,"a5ukafGtVL+Lw1SK0VwcIV",1,0],[1,0.0244048684835434,-9.53674295089968e-9,1.43051144263495e-8],[3,-1.0369197999618677e-9,7.378072128236646e-9,0.13917303457025795,0.9902680780720471],[1,-2.4481551654848e-7,8.881802065582452e-7,15.999992317523155]],[1,"Bip001 L Finger2",4,[-42],[0,"54R45LKz5AHK7RaIkd7fLi",1,0],[1,0.030406903475523,-0.00629194267094135,-0.00339040742255747],[3,-0.08907595316972236,0.0523115994903362,-0.21005618666891207,0.9722167297304564],[1,-9.58122933511538,4.057955177620228,-24.693227871119344]],[2,"Bip001 L Finger21",19,[[6,"Bip001 L Finger2Nub",-43,[0,"88wXEsye9KX5XKU/o7j5H9",1,0],[1,0.0340026840567589,-1.90734859017994e-8,9.53674295089968e-9]]],[0,"3frjMwFVdOzol2OTOleWKn",1,0],[1,0.0306703373789787,1.77635679969558e-17,9.53674295089968e-9],[3,9.356847618243457e-10,-2.5707731771752083e-9,0.3420201278240841,0.9396926264280235],[1,2.6305347634865896e-7,-4.0923859469056623e-7,39.99999810964702]],[1,"Bip001 L Finger3",4,[-44],[0,"b7CZ8WDNNBBIBSUeTDUmen",1,0],[1,0.0307005010545254,0.000784664123784751,0.0182451345026493],[3,-0.06443055881349066,-0.10572481421570754,-0.3131936867409332,0.9415841339655514],[1,-13.266302945726375,-17.036106513162853,-35.181791152382]],[2,"Bip001 L Finger31",21,[[4,"Bip001 L Finger3Nub",-45,[0,"98R8JQampNtrQ+9IjG03CZ",1,0],[1,0.0334725379943848,-3.55271359939116e-17,9.53674295089968e-9],[1,0.000001707547292503193,4.2688682312579656e-7,-3.9756933518292407e-16]]],[0,"d9SinucXJCebOGyzU6cZSY",1,0],[1,0.0298328585922718,-4.76837147544984e-9,2.66453519954337e-17],[3,2.4112534817815167e-8,1.9033536130835602e-8,0.4107188987118806,0.9117620228112701],[1,0.000002450079164708814,0.0000012884817894749398,48.500005793713434]],[1,"Bip001 R Clavicle",8,[-46],[0,"f9rI6xMpJEtLp8ofcztzvQ",1,0],[1,-0.0356213934719563,-0.0439444519579411,-0.0580008402466774],[3,-0.538542690244478,0.32348787925828415,0.7761852775133838,-0.053514275933525694],[1,-150.47726683817186,117.33301594238199,-25.562667893263363]],[1,"Bip001 R UpperArm",23,[-47],[0,"bdTocsyj1HuIKrv7okY/d3",1,0],[1,0.0236232075840235,0,3.55271359939116e-17],[3,0.31461190660631766,-0.298092121950279,-0.13422673720196998,0.8911473604701026],[1,32.11036933706207,-29.609806745107697,-25.264541029577504]],[1,"Bip001 R Forearm",24,[5],[0,"b7NKs7Eg9McLlxpH42j+d2",1,0],[1,0.0955751314759254,9.53674295089968e-9,1.90734859017994e-8],[3,2.116671179445508e-17,-1.9248130853386183e-17,-0.47325576100110806,0.8809250732492871],[1,1.979610053532633e-15,-1.4403171154830553e-15,-56.49168686173115]],[1,"Bip001 R Finger0",5,[-48],[0,"bf2kMJ251NeKO3zt1MdF9p",1,0],[1,0.0072975349612534,0.0205355249345303,0.027227371931076],[3,0.7615584182040332,0.5040997893916592,0.24685883674334705,-0.32399520477867744],[1,-110.78804799231676,-62.23672208846976,37.43353602717722]],[2,"Bip001 R Finger01",26,[[5,"Bip001 R Finger0Nub",-49,[0,"fb6me/VMFBvZVvDswdr6tu",1,0],[1,0.0305547900497913,0,1.90734859017994e-8],[3,3.7252898543727e-9,3.64291830693456e-17,1,-1.02445474325918e-8],[1,-1,-1,-1],[1,-180,-179.99999957311323,-0.0000011739386618181867]]],[0,"3e8njZS75I7p363seTTn1d",1,0],[1,0.0148002905771136,-1.90734859017994e-8,-1.90734859017994e-8],[3,7.892324087647602e-9,-8.745803148529933e-9,0.400805560707305,0.9161631418618098],[1,0.000001812641574503133,-0.0000018869041564398974,47.25709526094918]],[1,"Bip001 R Finger1",5,[-50],[0,"85EzDCfE1BIb6BafyNGkHl",1,0],[1,0.0309561342000961,-0.00684158317744732,0.0252946186810732],[3,-0.05217524133195922,-0.19083571023692514,0.07334627798445274,0.9774864701857248],[1,-4.30202714050261,-21.740115975772188,9.398712173880202]],[2,"Bip001 R Finger11",28,[[5,"Bip001 R Finger1Nub",-51,[0,"d6u07nZyREO5orqgi3bX7z",1,0],[1,0.0317254550755024,0,9.53674295089968e-9],[3,2.77555756156289e-17,-1.49011611938477e-8,1,-6.12323426292584e-17],[1,-1,-1,-1],[1,179.99999829245272,-180,-7.01670965210496e-15]]],[0,"6flwND7YpCs67B1Aneoy27",1,0],[1,0.0244048684835434,0,9.53674295089968e-9],[3,-3.330031786700428e-8,-1.145479179934442e-9,0.477697948673326,0.8785241429996647],[1,-0.00000605156567310286,0.0000031411296834940833,57.07031808853153]],[1,"Bip001 R Finger2",5,[-52],[0,"e31yOmnBBPTrAuQMxtn/uM",1,0],[1,0.0304068941622972,-0.00629192357882857,0.00339039787650108],[3,0.06372675181577314,-0.08130147157483185,0.16062290668923224,0.9815952596001468],[1,9.13667161097233,-10.899693502371045,17.7564318507511]],[2,"Bip001 R Finger21",30,[[5,"Bip001 R Finger2Nub",-53,[0,"48Ko+JdztK2osLZob+8AUK",1,0],[1,0.0340026840567589,0,1.77635679969558e-17],[3,1.4901159417490797e-8,2.2351741790771494e-8,0.9999999999999998,-7.450580152834618e-9],[1,-1,-1,-1],[1,-179.99999743867906,-179.99999829245291,-8.537735571960672e-7]]],[0,"9107BEc1JP+IxVtNDinSEQ",1,0],[1,0.0306703466922045,0,9.53674295089968e-9],[3,-2.2106572388498848e-8,-3.3483171512039504e-8,0.5702064585906201,0.8215014270112633],[1,3.052920074781445e-7,-0.000004882484883462302,69.52924798672166]],[1,"Bip001 R Finger3",5,[-54],[0,"bfkWnDtFZGT7ubJNRfwywT",1,0],[1,0.0307004917412996,0.000784645089879632,-0.0182451438158751],[3,0.11320084619789099,0.05014579124944916,0.27934382072444797,0.9521754028870497],[1,12.909405347502753,2.201622440450547,32.910050442143444]],[2,"Bip001 R Finger31",32,[[5,"Bip001 R Finger3Nub",-55,[0,"7aOfId5wZJurHbhBjUhqOe",1,0],[1,0.0334725379943848,0,-3.55271359939116e-17],[3,9.0205620750794e-17,5.58793589178208e-9,1,-3.72529074255112e-9],[1,-1,-1,-1],[1,-179.99999935966972,-180,-4.2688687401467127e-7]]],[0,"2dRR7utlJKK7Fn66/al4Bm",1,0],[1,0.0298328399658203,-7.62939436071974e-8,5.32907039908674e-17],[3,-1.5189534586636728e-8,-7.092476652254577e-9,0.4230826988250375,0.9060910715567846],[1,-0.000001920990579564878,-8.621511177810323e-14,50.05872942166851]],[1,"Bone003(mirrored)",9,[-56],[0,"9aXKCjKbxCSpOui0vgVnYQ",1,0],[1,0.0103297801688313,0.0215747058391571,0.0620088763535023],[3,0.11597964443450672,0.1824156238312581,0.5875221034554754,0.7798019237026489],[1,-6.75009324601639,31.37172682618545,73.45869392118027]],[1,"Bone004(mirrored)",34,[-57],[0,"68CHFbNHBGqLT0OcL+y9Q6",1,0],[1,0.0251982882618904,0,0],[3,0.04318720750965073,0.004964047000762599,-0.04745597286388658,0.9979269281788296],[1,4.994166687737797,0.8061307050726556,-5.4102503268777244]],[2,"Bone005(mirrored)",35,[[4,"Bone006(mirrored)",-58,[0,"e9B4dgyqxNlKLi12O23oQ4",1,0],[1,0.0246612727642059,-9.53674295089968e-9,4.44089199923895e-18],[1,-8.17402747261736e-13,-0.000027320759936938507,-0.0000017075474960584932]]],[0,"adUnZMmRpL2Ic56sdH7Jvs",1,0],[1,0.0222725290805101,-1.90734859017994e-8,-1.43051144263495e-8],[3,0.006238390806280947,0.010264700467372349,-0.023254661317079563,0.9996574108820937],[1,0.7427948952443016,1.1938392528290467,-2.657489806564498]],[1,"Bone003",9,[-59],[0,"200+EkevZOZZxxLIN5wcBi",1,0],[1,0.0103296181187034,0.0215750876814127,-0.0579911395907402],[3,0.7856889191388777,0.612655923969964,0.05993133276778445,0.06126888704366271],[1,174.60343166948283,-4.5107871137690765,75.94375969159017]],[1,"Bone004",37,[-60],[0,"c2WNeD1cxPRbRHlMfGrdwi",1,0],[1,0.0251982491463423,4.76837147544984e-9,9.53674295089968e-9],[3,-0.04092585319980516,-0.0375790337491458,0.008985379764675554,0.9984148204593286],[1,-4.649758177633733,-4.2621450946231905,1.2043417299195618]],[2,"Bone005",38,[[4,"Bone006",-61,[0,"fcXiuwwcNHsYBp6IZ/d6Ew",1,0],[1,0.0246612541377544,9.53674295089968e-9,-1.90734859017994e-8],[1,-2.134433988406801e-7,0.0000017075472909129158,-8.537736494321487e-7]]],[0,"50SQP0g5dLBoL4q5aPfYFi",1,0],[1,0.0222725663334131,-4.76837147544984e-9,-9.53674295089968e-9],[3,0.005580807985000847,-0.045592184692978495,-0.029789281736625203,0.9985002784029515],[1,0.48379820819876007,-5.2141681562497855,-3.4397034032160407]],[1,"Bip001 L Thigh",7,[-62],[0,"6dnkIJBnxE0qWbEGPGYUc5",1,0],[1,-0.0140329357236624,0.00248773558996618,0.0387284718453884],[3,0.4219639522818012,0.8052787038712148,0.09914274333968175,-0.40452855091983325],[1,-38.75374214394357,-113.29902239468424,36.82586624514123]],[1,"Bip001 L Calf",40,[-63],[0,"8b188I0+JF0rbtcy0oNEYS",1,0],[1,0.0924998447299004,9.53674295089968e-9,9.53674295089968e-9],[3,3.719900689633251e-18,-4.9898608242505693e-17,-0.4913081813963614,0.8709858040708817],[1,-4.7135583223011754e-15,-9.223765808158038e-15,-58.853201721234505]],[1,"Bip001 L Foot",41,[-64],[0,"ffRr+mwMZMW41aYeNJG5LX",1,0],[1,0.0976413637399673,-4.76837147544984e-9,0],[3,-0.078588910284603,-0.31406217767029415,0.12347223591419408,0.9380529509018246],[1,-4.1759453553296035,-36.42225026607401,16.320529673813844]],[2,"Bip001 L Toe0",42,[[5,"Bip001 L Toe0Nub",-65,[0,"b7zbBblaRJj6FL1L/Qg2Lc",1,0],[1,0.0265693329274654,4.44089199923895e-18,-1.77635679969558e-17],[3,1.39698397294552e-9,-1.73472337257923e-18,1,-6.12323426292584e-17],[1,-1,-1,-1],[1,180,-179.99999983991745,-7.016709604988701e-15]]],[0,"4eBfh2U+xAvbq80JM/7j8T",1,0],[1,0.0234273839741945,0.0361871793866158,9.53674295089968e-9],[3,6.986626073659884e-8,-1.1764009923154387e-7,0.5735767516872026,0.8191518234881361],[1,0.00004178223353467544,-0.000045712991279852547,70.00004411252203]],[1,"Bip001 R Thigh",7,[-66],[0,"9bJEr/8OlEMrJv38paxosn",1,0],[1,-0.022333201020956,0.0115409754216671,-0.0327353738248348],[3,0.380323073336701,0.884925165991099,-0.1001158780347012,0.24947669520156213],[1,27.98201294536122,138.55292746900008,38.54739241510185]],[1,"Bip001 R Calf",44,[-67],[0,"2dymxP1LtLu49fYnOYcQi8",1,0],[1,0.0924998670816422,-8.88178399847791e-18,-1.90734859017994e-8],[3,4.6535745074475676e-17,-3.0264043705079853e-17,-0.5451885438116885,0.8383134567072693],[1,6.361109362927023e-15,-5.224344706113205e-30,-66.07509799321716]],[1,"Bip001 R Foot",45,[-68],[0,"ff735qM9ZOMqk/FhjfV036",1,0],[1,0.0976413711905479,9.53674295089968e-9,0],[3,0.08577561575029682,0.3108887743662982,0.23035581937780442,0.9181105108833352],[1,0.9301016108561665,37.17830763217946,28.445170299298926]],[2,"Bip001 R Toe0",46,[[6,"Bip001 R Toe0Nub",-69,[0,"c3LojsT99B45TSgdUXDhEg",1,0],[1,0.0265693236142397,2.38418573772492e-9,9.53674295089968e-9]]],[0,"68f/iqfKdIxoJP3unXVdRF",1,0],[1,0.0234273839741945,0.0361871719360352,-1.77635679969558e-17],[3,-9.647493480122668e-8,-1.8095795102155723e-8,0.5735763316949104,0.8191521175699912],[1,-0.00002300014630048766,0.000013573442505269184,69.9999853596048]],[1,"Bone011",6,[-70],[0,"bac96mUIVM2rPQ1G7DdKHh",1,0],[1,-0.00264154421165586,-0.0351046584546566,-0.00020586013852153],[3,-0.237010571124886,0.7788581938334586,-0.5562250082529435,0.16679221584819598],[1,71.14561896522108,-179.73505111518583,-33.693032574287294]],[2,"Bone012",48,[[4,"Bone013",-71,[0,"ceBfkY4PZIop+zH6B4b3PO",1,0],[1,0.0380065999925137,-8.88178399847791e-18,0],[1,4.268868231257959e-7,-3.1805546814635282e-15,-0.000020490569138482076]]],[0,"1epipaE9pLJIrRX9cVuSDt",1,0],[1,0.0298501588404179,-2.38418573772492e-9,1.77635679969558e-17],[3,0.008886184450819951,0.01475164558275519,0.0140749019036044,0.9997526303115739],[1,0.9946887304692946,1.6765793553214468,1.627706243979743]],[1,"Bone007",6,[-72],[0,"0bZ9+9ZI1BFoLhIUR2qG6d",1,0],[1,-0.0143716232851148,0.0442630276083946,-0.000423958292230964],[3,-0.012948466332181562,0.7068558858912307,0.7071624921808126,-0.010406894502682522],[1,-90.02825686185238,179.79356541563936,-1.8924873770185033]],[1,"Bone008",50,[-73],[0,"476ICmqnNJDquopLInvKsy",1,0],[1,0.0232580564916134,2.38418573772492e-9,-4.44089199923895e-18],[3,0.001281158773640619,-0.00951799476772632,-0.021424777937292364,0.9997243346533763],[1,0.1235155009255161,-1.0883013573484261,-2.4565718354068258]],[2,"Bone009",51,[[4,"Bone010",-74,[0,"47/dTj9xNOVaTx/f16rtnC",1,0],[1,0.0465287566184998,2.38418573772492e-9,4.76837147544984e-9],[1,0.000004589033348602318,1.5785359018028349e-37,-1.9878466759147015e-15]]],[0,"63xQJX//xMC4EvfQUCqCXU",1,0],[1,0.0342400558292866,-1.19209286886246e-9,-4.44089199923895e-18],[3,0.00847443823251808,-0.011798776381683007,-0.044802135562951366,0.9988902549437235],[1,0.913167159812679,-1.3124379838824212,-5.146625215521844]],[13,"magician",3,[[21,1,-75,[3,"c87bggR0BfsrZcS3f9PTzN"],[0],[22],2,1,2]],[0,"31/mN1GJZHU6kN/1Tu5Sfc",1,0],[3,-0.7071067811865476,0,0,0.7071067811865476],[1,-90.00000000000003,0,0]],[23,true,2,[3,"95BXM3uBtcup4Rkj3sIavD"],[3,4,5,6,7]]],0,[0,2,1,0,1,1,0,1,1,0,1,1,0,1,1,0,-1,2,0,-1,54,0,3,54,0,1,2,0,-1,3,0,-1,10,0,0,3,0,0,3,0,-4,53,0,-1,15,0,-2,17,0,-3,19,0,-4,21,0,-1,26,0,-2,28,0,-3,30,0,-4,32,0,-1,7,0,-2,48,0,-3,50,0,-1,11,0,-2,40,0,-3,44,0,-1,12,0,-2,23,0,-3,9,0,0,9,0,-2,34,0,-3,37,0,0,10,0,-1,13,0,-1,14,0,-1,16,0,0,16,0,-1,18,0,0,18,0,-1,20,0,0,20,0,-1,22,0,0,22,0,-1,24,0,-1,25,0,-1,27,0,0,27,0,-1,29,0,0,29,0,-1,31,0,0,31,0,-1,33,0,0,33,0,-1,35,0,-1,36,0,0,36,0,-1,38,0,-1,39,0,0,39,0,-1,41,0,-1,42,0,-1,43,0,0,43,0,-1,45,0,-1,46,0,-1,47,0,0,47,0,-1,49,0,0,49,0,-1,51,0,-1,52,0,0,52,0,1,53,0,4,1,4,0,14,5,0,25,6,0,10,8,0,11,75],[0,0,0,0,0,0,0,0,0,54],[-1,5,6,-1,-2,-3,-4,-5,7,8],[2,3,4,1,5,6,7,8,9,1]],[[[24,[{"rasterizerState":{},"depthStencilState":{},"blendState":{"targets":[{}]}},{"rasterizerState":{},"depthStencilState":{},"blendState":{"targets":[{}]}},{},{}],[{"USE_INSTANCING":true},{"USE_INSTANCING":true,"USE_BASE_COLOR_MAP":true,"USE_1ST_SHADE_MAP":true,"USE_2ND_SHADE_MAP":true},{},{}],[[{},[{},"mainColor",8,[4,4284769380],"shadeColor1",8,[4,4284769380],"shadeColor2",8,[4,4284111450],"specular",8,[4,16777215],"mainTexture",6,0,"shadeMap1",6,1,"shadeMap2",6,2],{},{}],0,11,0,0]]],0,0,[0,0,0,0],[9,10,11,12],[0,0,0,10]],[[[25,0.5,0.1]],0,0,[],[],[]],[[[26,".bin",3160233054,[{"primitives":[{"primitiveMode":7,"jointMapIndex":0,"vertexBundelIndices":[0],"indexView":{"offset":56232,"length":6324,"count":3162,"stride":2}}],"vertexBundles":[{"view":{"offset":0,"length":56232,"count":781,"stride":72},"attributes":[{"name":"a_position","format":32,"isNormalized":false},{"name":"a_normal","format":32,"isNormalized":false},{"name":"a_texCoord","format":21,"isNormalized":false},{"name":"a_tangent","format":44,"isNormalized":false},{"name":"a_joints","format":42,"isNormalized":false},{"name":"a_weights","format":44,"isNormalized":false}]}],"jointMaps":[[0,1,2,4,5,6,7,8,9,10,11,12,13,14,15,16,17,18,19,20,24,26,28,29,30,31,32,33,34,35,36,37,38,39,40,44,46,47,48,50,53,54,55,56,58,59,60,61,62,64]]},"minPosition",8,[1,-0.2146552950143814,-0.24527907371520996,-0.06491602957248688],"maxPosition",8,[1,0.19108730554580688,0.18401877582073212,0.3950047194957733]]],-1],0,0,[],[],[]],[[[27,"Skin-0",1119562568,["RootNode/Bip001/Bip001 Pelvis/Bip001 Spine","RootNode/Bip001/Bip001 Pelvis/Bip001 Spine/Bip001 Spine1/Bip001 Neck/Bip001 Head","RootNode/Bip001/Bip001 Pelvis/Bip001 Spine/Bip001 Spine1/Bip001 Neck/Bip001 Head/Bone003(mirrored)/Bone004(mirrored)/Bone005(mirrored)","RootNode/Bip001/Bip001 Pelvis/Bip001 Spine/Bip001 Spine1/Bip001 Neck/Bip001 Head/Bone003(mirrored)/Bone004(mirrored)/Bone005(mirrored)/Bone006(mirrored)","RootNode/Bip001/Bip001 Pelvis/Bip001 Spine/Bip001 Spine1/Bip001 Neck","RootNode/Bip001/Bip001 Pelvis/Bip001 Spine/Bip001 Spine1/Bip001 Neck/Bip001 Head/Bone003(mirrored)","RootNode/Bip001/Bip001 Pelvis/Bip001 Spine/Bip001 Spine1/Bip001 Neck/Bip001 Head/Bone003(mirrored)/Bone004(mirrored)","RootNode/Bip001/Bip001 Pelvis/Bip001 Spine/Bip001 Spine1/Bip001 Neck/Bip001 L Clavicle","RootNode/Bip001/Bip001 Pelvis","RootNode/Bip001/Bip001 Pelvis/Bip001 Spine/Bip001 Spine1","RootNode/Bip001/Bip001 Pelvis/Bone007","RootNode/Bip001/Bip001 Pelvis/Bip001 Spine/Bip001 Spine1/Bip001 Neck/Bip001 L Clavicle/Bip001 L UpperArm","RootNode/Bip001/Bip001 Pelvis/Bip001 Spine/Bip001 Spine1/Bip001 Neck/Bip001 L Clavicle/Bip001 L UpperArm/Bip001 L Forearm","RootNode/Bip001/Bip001 Pelvis/Bip001 Spine/Bip001 Spine1/Bip001 Neck/Bip001 L Clavicle/Bip001 L UpperArm/Bip001 L Forearm/Bip001 L Hand","RootNode/Bip001/Bip001 Pelvis/Bip001 Spine/Bip001 Spine1/Bip001 Neck/Bip001 L Clavicle/Bip001 L UpperArm/Bip001 L Forearm/Bip001 L Hand/Bip001 L Finger2","RootNode/Bip001/Bip001 Pelvis/Bip001 Spine/Bip001 Spine1/Bip001 Neck/Bip001 L Clavicle/Bip001 L UpperArm/Bip001 L Forearm/Bip001 L Hand/Bip001 L Finger0","RootNode/Bip001/Bip001 Pelvis/Bip001 Spine/Bip001 Spine1/Bip001 Neck/Bip001 L Clavicle/Bip001 L UpperArm/Bip001 L Forearm/Bip001 L Hand/Bip001 L Finger0/Bip001 L Finger01","RootNode/Bip001/Bip001 Pelvis/Bip001 Spine/Bip001 Spine1/Bip001 Neck/Bip001 L Clavicle/Bip001 L UpperArm/Bip001 L Forearm/Bip001 L Hand/Bip001 L Finger1","RootNode/Bip001/Bip001 Pelvis/Bip001 Spine/Bip001 Spine1/Bip001 Neck/Bip001 L Clavicle/Bip001 L UpperArm/Bip001 L Forearm/Bip001 L Hand/Bip001 L Finger3","RootNode/Bip001/Bip001 Pelvis/Bip001 Spine/Bip001 Spine1/Bip001 Neck/Bip001 L Clavicle/Bip001 L UpperArm/Bip001 L Forearm/Bip001 L Hand/Bip001 L Finger2/Bip001 L Finger21","RootNode/Bip001/Bip001 Pelvis/Bip001 Spine/Bip001 Spine1/Bip001 Neck/Bip001 L Clavicle/Bip001 L UpperArm/Bip001 L Forearm/Bip001 L Hand/Bip001 L Finger1/Bip001 L Finger11","RootNode/Bip001/Bip001 Pelvis/Bip001 Spine/Bip001 Spine1/Bip001 Neck/Bip001 L Clavicle/Bip001 L UpperArm/Bip001 L Forearm/Bip001 L Hand/Bip001 L Finger1/Bip001 L Finger11/Bip001 L Finger1Nub","RootNode/Bip001/Bip001 Pelvis/Bip001 Spine/Bip001 Spine1/Bip001 Neck/Bip001 L Clavicle/Bip001 L UpperArm/Bip001 L Forearm/Bip001 L Hand/Bip001 L Finger2/Bip001 L Finger21/Bip001 L Finger2Nub","RootNode/Bip001/Bip001 Pelvis/Bip001 Spine/Bip001 Spine1/Bip001 Neck/Bip001 L Clavicle/Bip001 L UpperArm/Bip001 L Forearm/Bip001 L Hand/Bip001 L Finger0/Bip001 L Finger01/Bip001 L Finger0Nub","RootNode/Bip001/Bip001 Pelvis/Bip001 Spine/Bip001 Spine1/Bip001 Neck/Bip001 L Clavicle/Bip001 L UpperArm/Bip001 L Forearm/Bip001 L Hand/Bip001 L Finger3/Bip001 L Finger31","RootNode/Bip001/Bip001 Pelvis/Bip001 Spine/Bip001 Spine1/Bip001 Neck/Bip001 L Clavicle/Bip001 L UpperArm/Bip001 L Forearm/Bip001 L Hand/Bip001 L Finger3/Bip001 L Finger31/Bip001 L Finger3Nub","RootNode/Bip001/Bip001 Pelvis/Bip001 Spine/Bip001 Spine1/Bip001 Neck/Bip001 Head/Bone003/Bone004/Bone005","RootNode/Bip001/Bip001 Pelvis/Bip001 Spine/Bip001 Spine1/Bip001 Neck/Bip001 Head/Bone003/Bone004/Bone005/Bone006","RootNode/Bip001/Bip001 Pelvis/Bip001 Spine/Bip001 Spine1/Bip001 Neck/Bip001 Head/Bone003","RootNode/Bip001/Bip001 Pelvis/Bip001 Spine/Bip001 Spine1/Bip001 Neck/Bip001 Head/Bone003/Bone004","RootNode/Bip001/Bip001 Pelvis/Bip001 Spine/Bip001 Spine1/Bip001 Neck/Bip001 R Clavicle","RootNode/Bip001/Bip001 Pelvis/Bip001 Spine/Bip001 Spine1/Bip001 Neck/Bip001 R Clavicle/Bip001 R UpperArm","RootNode/Bip001/Bip001 Pelvis/Bip001 Spine/Bip001 Spine1/Bip001 Neck/Bip001 R Clavicle/Bip001 R UpperArm/Bip001 R Forearm","RootNode/Bip001/Bip001 Pelvis/Bip001 Spine/Bip001 Spine1/Bip001 Neck/Bip001 R Clavicle/Bip001 R UpperArm/Bip001 R Forearm/Bip001 R Hand","RootNode/Bip001/Bip001 Pelvis/Bip001 Spine/Bip001 Spine1/Bip001 Neck/Bip001 R Clavicle/Bip001 R UpperArm/Bip001 R Forearm/Bip001 R Hand/Bip001 R Finger2","RootNode/Bip001/Bip001 Pelvis/Bip001 Spine/Bip001 Spine1/Bip001 Neck/Bip001 R Clavicle/Bip001 R UpperArm/Bip001 R Forearm/Bip001 R Hand/Bip001 R Finger0","RootNode/Bip001/Bip001 Pelvis/Bip001 Spine/Bip001 Spine1/Bip001 Neck/Bip001 R Clavicle/Bip001 R UpperArm/Bip001 R Forearm/Bip001 R Hand/Bip001 R Finger0/Bip001 R Finger01","RootNode/Bip001/Bip001 Pelvis/Bip001 Spine/Bip001 Spine1/Bip001 Neck/Bip001 R Clavicle/Bip001 R UpperArm/Bip001 R Forearm/Bip001 R Hand/Bip001 R Finger1","RootNode/Bip001/Bip001 Pelvis/Bip001 Spine/Bip001 Spine1/Bip001 Neck/Bip001 R Clavicle/Bip001 R UpperArm/Bip001 R Forearm/Bip001 R Hand/Bip001 R Finger3","RootNode/Bip001/Bip001 Pelvis/Bip001 Spine/Bip001 Spine1/Bip001 Neck/Bip001 R Clavicle/Bip001 R UpperArm/Bip001 R Forearm/Bip001 R Hand/Bip001 R Finger2/Bip001 R Finger21","RootNode/Bip001/Bip001 Pelvis/Bip001 Spine/Bip001 Spine1/Bip001 Neck/Bip001 R Clavicle/Bip001 R UpperArm/Bip001 R Forearm/Bip001 R Hand/Bip001 R Finger1/Bip001 R Finger11","RootNode/Bip001/Bip001 Pelvis/Bip001 Spine/Bip001 Spine1/Bip001 Neck/Bip001 R Clavicle/Bip001 R UpperArm/Bip001 R Forearm/Bip001 R Hand/Bip001 R Finger1/Bip001 R Finger11/Bip001 R Finger1Nub","RootNode/Bip001/Bip001 Pelvis/Bip001 Spine/Bip001 Spine1/Bip001 Neck/Bip001 R Clavicle/Bip001 R UpperArm/Bip001 R Forearm/Bip001 R Hand/Bip001 R Finger2/Bip001 R Finger21/Bip001 R Finger2Nub","RootNode/Bip001/Bip001 Pelvis/Bip001 Spine/Bip001 Spine1/Bip001 Neck/Bip001 R Clavicle/Bip001 R UpperArm/Bip001 R Forearm/Bip001 R Hand/Bip001 R Finger0/Bip001 R Finger01/Bip001 R Finger0Nub","RootNode/Bip001/Bip001 Pelvis/Bip001 Spine/Bip001 Spine1/Bip001 Neck/Bip001 R Clavicle/Bip001 R UpperArm/Bip001 R Forearm/Bip001 R Hand/Bip001 R Finger3/Bip001 R Finger31","RootNode/Bip001/Bip001 Pelvis/Bip001 Spine/Bip001 Spine1/Bip001 Neck/Bip001 R Clavicle/Bip001 R UpperArm/Bip001 R Forearm/Bip001 R Hand/Bip001 R Finger3/Bip001 R Finger31/Bip001 R Finger3Nub","RootNode/Bone014","RootNode/Bone015","RootNode/Bip001/Bip001 Pelvis/Bone007/Bone008/Bone009","RootNode/Bip001/Bip001 Pelvis/Bone007/Bone008/Bone009/Bone010","RootNode/Bip001/Bip001 Pelvis/Bone007/Bone008","RootNode/Bip001","RootNode/Bip001/Bip001 Pelvis/Bip001 Spine/Bip001 Spine1/Bip001 Neck/Bip001 Head/Bip001 HeadNub","RootNode/Bip001/Bip001 Pelvis/Bip001 Spine/Bip001 L Thigh","RootNode/Bip001/Bip001 Pelvis/Bip001 Spine/Bip001 L Thigh/Bip001 L Calf","RootNode/Bip001/Bip001 Pelvis/Bip001 Spine/Bip001 L Thigh/Bip001 L Calf/Bip001 L Foot","RootNode/Bip001/Bip001 Pelvis/Bip001 Spine/Bip001 L Thigh/Bip001 L Calf/Bip001 L Foot/Bip001 L Toe0","RootNode/Bip001/Bip001 Pelvis/Bip001 Spine/Bip001 L Thigh/Bip001 L Calf/Bip001 L Foot/Bip001 L Toe0/Bip001 L Toe0Nub","RootNode/Bip001/Bip001 Pelvis/Bip001 Spine/Bip001 R Thigh","RootNode/Bip001/Bip001 Pelvis/Bone011","RootNode/Bip001/Bip001 Pelvis/Bip001 Spine/Bip001 R Thigh/Bip001 R Calf","RootNode/Bip001/Bip001 Pelvis/Bip001 Spine/Bip001 R Thigh/Bip001 R Calf/Bip001 R Foot","RootNode/Bip001/Bip001 Pelvis/Bip001 Spine/Bip001 R Thigh/Bip001 R Calf/Bip001 R Foot/Bip001 R Toe0","RootNode/Bip001/Bip001 Pelvis/Bip001 Spine/Bip001 R Thigh/Bip001 R Calf/Bip001 R Foot/Bip001 R Toe0/Bip001 R Toe0Nub","RootNode/Bip001/Bip001 Pelvis/Bone011/Bone012","RootNode/Bip001/Bip001 Pelvis/Bone011/Bone012/Bone013"],[[[7,8.03939457227898e-8,-0.0000014050524441699963,1,0,-0.058642931282520294,-0.9982790946960449,-0.0000013979198456581798,0,0.9982790350914001,-0.05864293500781059,-1.626519861019915e-7,0,-0.18877945840358734,0.05322303622961044,9.313995263937613e-8,1],[7,0.0000013065090342934127,-0.0000031888469038676703,1,0,-0.9530225992202759,0.30289915204048157,0.0000022110318695922615,0,-0.30289915204048157,-0.9530225992202759,-0.0000026433028779138112,0,0.06657704710960388,0.3192451298236847,8.646579772175755e-7,1],[7,2.686883817659691e-7,-2.140503552183759e-9,1,0,-6.123232277692369e-17,1,2.140503552183759e-9,0,-0.9999997615814209,-6.363609243164605e-16,2.6868843860938796e-7,0,0.25325286388397217,0.03655906766653061,-0.06200892850756645,1],[7,5.610444304693374e-7,-2.140631227831591e-9,1,0,-6.123232939436859e-17,0.9999998211860657,2.140631449876196e-9,0,-0.9999998211860657,-1.262221604702283e-15,5.610444304693374e-7,0,0.22859162092208862,0.03655907139182091,-0.06200898811221123,1],[7,0.0000013212153362474055,-0.0000024078462956822477,1,0,-0.9637527465820312,-0.2667972445487976,6.309180093921896e-7,0,0.26679727435112,-0.9637526273727417,-0.0000026730647277872777,0,-0.074653759598732,0.30378392338752747,8.217750178118877e-7,1],[7,2.099986602388526e-7,3.045579077820548e-8,1.0000001192092896,0,-6.123234262925839e-17,0.9999998211860657,-3.045579788363284e-8,0,-1,6.334442722417087e-15,2.0999870287141675e-7,0,0.30072373151779175,0.03655906021595001,-0.06200895085930824,1],[7,2.0923037880038464e-7,6.534646712630376e-10,1,0,-6.123232939436859e-17,0.9999997615814209,-6.534648933076426e-10,0,-0.9999998211860657,7.549236728941115e-17,2.0923039301123936e-7,0,0.27552542090415955,0.036559052765369415,-0.06200893595814705,1],[7,1,-0.0000013508706615539268,2.772362961422914e-7,0,0.0000013783528629573993,0.9853848218917847,-0.17034342885017395,0,-4.3072475364169804e-8,0.17034342885017395,0.9853847026824951,0,-0.06077241152524948,-0.11027346551418304,-0.2827780246734619,1],[7,0.0000013867999086869531,0.0000027577068522077752,1,0,6.123234262925839e-17,-1,0.0000027577068522077752,0,1,-3.8243271396898315e-12,-0.0000013868001360606286,0,-0.17199380695819855,0.044263023883104324,1.164565830436004e-7,1],[7,2.3460053455437446e-7,-0.0000014229159432943561,1,0,-0.1711280345916748,-0.985248863697052,-0.0000013617793683806667,0,0.9852487444877625,-0.1711280345916748,-4.746407284983434e-7,0,-0.2205101102590561,0.07872790098190308,1.6388025869673584e-7,1],[7,3.271074717758893e-7,1,9.139172618688463e-8,0,-6.123234262925839e-17,9.139172618688463e-8,-1,0,-1,3.271074717758893e-7,2.995615366006843e-14,0,0.15762218832969666,0.00042376230703666806,-4.729643343637235e-9,1],[7,0.5261170268058777,0.18934763967990875,0.8290646076202393,0,-0.02956603653728962,0.9783808588981628,-0.20468714833259583,0,-0.8498980402946472,0.08317725360393524,0.5203410387039185,0,0.21017137169837952,-0.09990419447422028,-0.21235209703445435,1],[7,0.40741732716560364,0.38296568393707275,0.829064667224884,0,-0.4162284731864929,0.8859215974807739,-0.20468707382678986,0,-0.8128744959831238,-0.261687308549881,0.5203409790992737,0,0.1448756903409958,-0.046088848263025284,-0.21235209703445435,1],[7,0.07390454411506653,-0.9780170917510986,0.19498853385448456,0,-0.33443430066108704,0.1598954200744629,0.9287557005882263,0,-0.9395167231559753,-0.1338501125574112,-0.3152655363082886,0,0.12330494821071625,0.1854727864265442,-0.006798798218369484,1],[7,-0.26426684856414795,-0.9629806280136108,0.05320887267589569,0,-0.43124547600746155,0.1673324555158615,0.8865816593170166,0,-0.862664520740509,0.21134807169437408,-0.4595015347003937,0,0.14597296714782715,0.15039318799972534,0.03858976811170578,1],[7,-0.7041500210762024,0.3918860852718353,0.592113196849823,0,-0.6790997982025146,-0.128165140748024,-0.7227704524993896,0,-0.20735543966293335,-0.9110428690910339,0.3563772141933441,0,0.12881126999855042,0.06614160537719727,-0.1418178677558899,1],[7,-0.11391595751047134,0.7977627515792847,0.5921130776405334,0,-0.5128658413887024,0.46321845054626465,-0.7227705121040344,0,-0.850877046585083,-0.38600966334342957,0.35637718439102173,0,0.12163613736629486,-0.050772733986377716,-0.1418178528547287,1],[7,-0.16324105858802795,-0.9459473490715027,0.28024259209632874,0,-0.6197560429573059,0.319333016872406,0.7168882489204407,0,-0.7676293253898621,-0.056656431406736374,-0.6383848786354065,0,0.10927564650774002,0.18019968271255493,0.037975527346134186,1],[7,-0.17467600107192993,-0.9846066236495972,-0.006155725102871656,0,-0.17983616888523102,0.02575625106692314,0.9833592772483826,0,-0.968063473701477,0.1728762984275818,-0.18156690895557404,0,0.13616327941417694,0.157331645488739,-0.0043363431468605995,1],[7,-0.7987436652183533,-0.5993139147758484,0.053208645433187485,0,-0.23838074505329132,0.3964182436466217,0.8865816593170166,0,-0.5524336099624634,0.6954676508903503,-0.4595015347003937,0,0.183260977268219,0.04825151339173317,0.03858980908989906,1],[7,-0.5716147422790527,-0.7711813449859619,0.2802424728870392,0,-0.4096433222293854,0.564148485660553,0.7168882489204407,0,-0.710949182510376,0.29498451948165894,-0.6383849382400513,0,0.15690724551677704,0.12269916385412216,0.037975557148456573,1],[7,-0.5716147422790527,-0.7711813449859619,0.2802424728870392,0,-0.4096433222293854,0.564148485660553,0.7168882489204407,0,-0.710949182510376,0.29498451948165894,-0.6383849382400513,0,0.12518180906772614,0.12269916385412216,0.037975557148456573,1],[7,-0.7987436652183533,-0.5993139147758484,0.053208645433187485,0,-0.23838074505329132,0.3964182436466217,0.8865816593170166,0,-0.5524336099624634,0.6954676508903503,-0.4595015347003937,0,0.14925827085971832,0.04825151339173317,0.03858980908989906,1],[7,-0.11391595751047134,0.7977627515792847,0.5921130776405334,0,-0.5128658413887024,0.46321845054626465,-0.7227705121040344,0,-0.850877046585083,-0.38600966334342957,0.35637718439102173,0,0.09108135849237442,-0.050772737711668015,-0.1418178528547287,1],[7,-0.8083651065826416,-0.5886489748954773,-0.006156370975077152,0,-0.1117771714925766,0.1432141661643982,0.9833592772483826,0,-0.5779716968536377,0.7956016659736633,-0.18156687915325165,0,0.1856953352689743,0.039707016199827194,-0.004336231388151646,1],[7,-0.8083651065826416,-0.5886489748954773,-0.006156370975077152,0,-0.1117771714925766,0.1432141661643982,0.9833592772483826,0,-0.5779716968536377,0.7956016659736633,-0.18156687915325165,0,0.15222278237342834,0.03970701992511749,-0.004336231388151646,1],[7,6.672455299394642e-8,-8.747225876959419e-8,-1,0,-6.123232939436859e-17,-1,8.747225876959419e-8,0,-0.9999998211860657,-5.775315426901576e-15,-6.672456009937378e-8,0,0.25325292348861694,-0.03655907139182091,-0.05799111723899841,1],[7,6.672455299394642e-8,-8.747225876959419e-8,-1,0,-6.123232939436859e-17,-1,8.747225876959419e-8,0,-0.9999998211860657,-5.775315426901576e-15,-6.672456009937378e-8,0,0.2285916656255722,-0.036559078842401505,-0.05799111723899841,1],[7,4.101125057331956e-7,-1.731539214233635e-7,-1,0,-6.123232939436859e-17,-1,1.731539214233635e-7,0,-0.9999998211860657,-7.095136923731399e-14,-4.10112534154905e-7,0,0.30072373151779175,-0.0365590825676918,-0.05799099802970886,1],[7,6.672454588851906e-8,-1.1354927664797287e-7,-1,0,-6.123232277692369e-17,-0.9999998211860657,1.1354929085882759e-7,0,-0.9999997615814209,-7.515293048250202e-15,-6.672456009937378e-8,0,0.27552542090415955,-0.036559075117111206,-0.057991113513708115,1],[7,-1,-0.0000013508708889276022,-1.8981351956881554e-7,0,-0.0000013634610240842449,0.9853848218917847,0.17034342885017395,0,-4.307260326186224e-8,0.17034342885017395,-0.9853847026824951,0,-0.060772303491830826,-0.11027345061302185,0.2827780246734619,1],[7,-0.5261169672012329,-0.18935033679008484,0.8290640711784363,0,-0.029567476361989975,0.9783803224563599,0.2046893984079361,0,-0.8498980402946472,0.08317723870277405,-0.5203410387039185,0,0.2101714313030243,-0.09990416467189789,0.21235200762748718,1],[7,-0.4074161946773529,-0.38296815752983093,0.8290640711784363,0,-0.41622957587242126,0.885920524597168,0.2046893835067749,0,-0.8128744959831238,-0.261687308549881,-0.5203410387039185,0,0.14487572014331818,-0.0460888035595417,0.21235200762748718,1],[7,-0.07390367984771729,0.97801673412323,0.19499097764492035,0,-0.33443453907966614,0.15989801287651062,-0.9287551641464233,0,-0.9395167231559753,-0.13385014235973358,0.3152655363082886,0,0.12330494821071625,0.18547271192073822,0.00679875398054719,1],[7,0.2642679512500763,0.9629802703857422,0.05321116745471954,0,-0.43124479055404663,0.1673349291086197,-0.886581540107727,0,-0.8626646399497986,0.21134808659553528,0.4595014750957489,0,0.14597293734550476,0.15039309859275818,-0.038589801639318466,1],[7,0.7041519284248352,-0.39188575744628906,0.5921112298965454,0,-0.6790978312492371,-0.12816625833511353,0.7227721810340881,0,-0.20735542476177216,-0.9110427498817444,-0.3563772439956665,0,0.12881119549274445,0.06614164263010025,0.14181780815124512,1],[7,0.11391736567020416,-0.7977639436721802,0.5921110510826111,0,-0.5128654837608337,0.4632161855697632,0.7227723002433777,0,-0.8508771061897278,-0.3860096335411072,-0.3563772141933441,0,0.12163612991571426,-0.05077265202999115,0.14181779325008392,1],[7,0.16324271261692047,0.945946455001831,0.28024452924728394,0,-0.6197556257247925,0.31933557987213135,-0.7168876528739929,0,-0.7676294445991516,-0.05665642023086548,0.6383848786354065,0,0.10927562415599823,0.18019957840442657,-0.03797556459903717,1],[7,0.17467638850212097,0.9846065044403076,-0.006153381895273924,0,-0.1798357218503952,0.025758586823940277,-0.9833592772483826,0,-0.968063473701477,0.1728762835264206,0.18156687915325165,0,0.13616324961185455,0.15733155608177185,0.004336280282586813,1],[7,0.7987443208694458,0.5993129014968872,0.05321109667420387,0,-0.2383785992860794,0.3964199125766754,-0.886581540107727,0,-0.5524336695671082,0.6954676508903503,0.4595015347003937,0,0.18326091766357422,0.04825146868824959,-0.03858981281518936,1],[7,0.5716159343719482,0.7711797952651978,0.2802445590496063,0,-0.40964171290397644,0.5641506314277649,-0.7168875932693481,0,-0.7109493017196655,0.29498448967933655,0.6383849382400513,0,0.15690721571445465,0.122699074447155,-0.03797556459903717,1